"GDP by Region (2005 US dollars)"
""	"2010"	"2015"	"2020"	"2025"	"2030"	"2035"	"2040"	"2045"	"2050"	"2055"	"2060"	"2065"	"2070"	"2075"	"2080"	"2085"	"2090"	"2095"	"2100"
"USA"	1.300000E+13	1.485532E+13	1.751368E+13	1.971813E+13	2.198165E+13	2.404558E+13	2.571124E+13	2.701325E+13	2.794943E+13	2.942895E+13	3.122006E+13	3.318537E+13	3.435350E+13	3.547722E+13	3.687417E+13	3.759577E+13	3.835632E+13	3.890723E+13	3.888169E+13
"CAN"	1.160000E+12	1.383499E+12	1.647495E+12	1.837329E+12	2.066270E+12	2.379414E+12	2.689575E+12	2.978584E+12	3.219034E+12	3.474128E+12	3.823958E+12	4.204269E+12	4.536289E+12	4.712704E+12	4.865030E+12	4.891257E+12	4.846671E+12	4.855705E+12	4.861635E+12
"WEU"	1.311544E+13	1.418266E+13	1.557233E+13	1.684348E+13	1.843667E+13	2.026651E+13	2.192910E+13	2.319943E+13	2.403559E+13	2.495580E+13	2.626928E+13	2.732725E+13	2.799177E+13	2.811729E+13	2.834211E+13	2.832501E+13	2.833376E+13	2.838242E+13	2.832612E+13
"JPK"	5.260000E+12	5.709704E+12	6.173357E+12	6.716314E+12	7.199767E+12	7.512745E+12	7.588338E+12	7.670775E+12	7.617304E+12	7.631613E+12	7.491221E+12	7.322956E+12	7.136421E+12	6.812426E+12	6.537662E+12	6.295595E+12	6.047801E+12	5.784500E+12	5.542745E+12
"ANZ"	9.140000E+11	1.140682E+12	1.409993E+12	1.682089E+12	1.991330E+12	2.348437E+12	2.705116E+12	3.071922E+12	3.345937E+12	3.618322E+12	3.993351E+12	4.327275E+12	4.560145E+12	4.675654E+12	4.743665E+12	4.735997E+12	4.728406E+12	4.741169E+12	4.708276E+12
"EEU"	1.785759E+12	1.998542E+12	2.307275E+12	2.580177E+12	2.862232E+12	3.077137E+12	3.136116E+12	3.074332E+12	3.000030E+12	2.956705E+12	2.974557E+12	3.002626E+12	2.924373E+12	2.779584E+12	2.651760E+12	2.534557E+12	2.454888E+12	2.409046E+12	2.357356E+12
"FSU"	3.656438E+12	4.312739E+12	5.066495E+12	5.970006E+12	6.927658E+12	7.591414E+12	7.654995E+12	7.309307E+12	6.784792E+12	6.551596E+12	6.674759E+12	6.680369E+12	6.288933E+12	5.728011E+12	5.391270E+12	5.170391E+12	5.064006E+12	4.916731E+12	4.578030E+12
"MDE"	3.830128E+12	5.038763E+12	6.474303E+12	8.047764E+12	1.008796E+13	1.210596E+13	1.368119E+13	1.488948E+13	1.559712E+13	1.633093E+13	1.719564E+13	1.771191E+13	1.758653E+13	1.712732E+13	1.684913E+13	1.645242E+13	1.609932E+13	1.555913E+13	1.458740E+13
"CAM"	1.559874E+12	1.923055E+12	2.332966E+12	2.880053E+12	3.590238E+12	4.398554E+12	5.089048E+12	5.703792E+12	6.224833E+12	6.568106E+12	6.745026E+12	6.841379E+12	6.743649E+12	6.599686E+12	6.467705E+12	6.238522E+12	5.931757E+12	5.600254E+12	5.148162E+12
"SAM"	3.702186E+12	4.521646E+12	5.544686E+12	6.673381E+12	8.018822E+12	9.468440E+12	1.067147E+13	1.152553E+13	1.201287E+13	1.233491E+13	1.249273E+13	1.234667E+13	1.200023E+13	1.155469E+13	1.114928E+13	1.063793E+13	9.986698E+12	9.280454E+12	8.544603E+12
"SAS"	5.410703E+12	7.553578E+12	1.073033E+13	1.516097E+13	2.087490E+13	2.743961E+13	3.299690E+13	3.663917E+13	3.832022E+13	3.896803E+13	3.866898E+13	3.720579E+13	3.501343E+13	3.203466E+13	2.961809E+13	2.718776E+13	2.470805E+13	2.247219E+13	2.013527E+13
"SEA"	3.169370E+12	4.077669E+12	5.414936E+12	7.134310E+12	9.177798E+12	1.135011E+13	1.299130E+13	1.388945E+13	1.431836E+13	1.448732E+13	1.441454E+13	1.402942E+13	1.327033E+13	1.247829E+13	1.173030E+13	1.096177E+13	1.021493E+13	9.512828E+12	8.711761E+12
"CHI"	1.081553E+13	1.610054E+13	2.317041E+13	3.002520E+13	3.536360E+13	3.761180E+13	3.683029E+13	3.501402E+13	3.176657E+13	2.820926E+13	2.584092E+13	2.356657E+13	2.142726E+13	1.915090E+13	1.780761E+13	1.624405E+13	1.508428E+13	1.395615E+13	1.261411E+13
"NAF"	7.278454E+11	9.359566E+11	1.313009E+12	1.770721E+12	2.343506E+12	2.962473E+12	3.474579E+12	3.848628E+12	4.055850E+12	4.222436E+12	4.356869E+12	4.413168E+12	4.277199E+12	4.046242E+12	3.851461E+12	3.700451E+12	3.532554E+12	3.384508E+12	3.151924E+12
"SSA"	1.849353E+12	2.558062E+12	3.674278E+12	5.330044E+12	7.878430E+12	1.145532E+13	1.586388E+13	2.085376E+13	2.603984E+13	3.113011E+13	3.580408E+13	3.923410E+13	4.096730E+13	4.170926E+13	4.179246E+13	4.114118E+13	3.980821E+13	3.798570E+13	3.556077E+13
"SIS"	1.725963E+11	2.191703E+11	2.713784E+11	3.308040E+11	4.026558E+11	4.767431E+11	5.415022E+11	5.931022E+11	6.293934E+11	6.560675E+11	6.732377E+11	6.786459E+11	6.669665E+11	6.410422E+11	6.201138E+11	5.904677E+11	5.556405E+11	5.168918E+11	4.743761E+11

"Emissions by Region (Mt CO2)"
""	"2010"	"2015"	"2020"	"2025"	"2030"	"2035"	"2040"	"2045"	"2050"	"2055"	"2060"	"2065"	"2070"	"2075"	"2080"	"2085"	"2090"	"2095"	"2100"
"USA"	5434.00	5868.01	6507.91	6876.95	7173.61	7339.04	7324.42	7167.92	6894.06	6734.14	6614.01	6495.61	6200.19	5911.45	5663.90	5295.02	4943.31	4598.90	4208.72
"CAN"	545.20	614.79	689.05	721.60	759.74	818.64	864.12	891.84	896.42	897.96	915.52	930.48	926.19	888.79	846.22	780.50	708.06	650.95	597.14
"WEU"	3285.88	3351.13	3458.34	3510.00	3594.95	3688.92	3716.95	3656.97	3514.06	3378.07	3287.99	3164.42	2993.77	2764.22	2556.70	2350.36	2159.36	1984.68	1813.86
"JPK"	1627.24	1689.55	1741.30	1795.33	1812.44	1774.51	1676.31	1580.33	1460.47	1362.18	1239.79	1122.59	1014.20	896.23	796.06	704.85	620.34	544.60	478.80
"ANZ"	472.09	557.89	649.88	728.82	808.52	893.02	961.39	1018.29	1032.37	1037.02	1060.89	1063.40	1034.43	980.26	917.73	841.00	769.11	707.98	644.44
"EEU"	709.31	749.89	814.83	853.87	883.30	881.80	830.72	750.53	672.13	607.06	557.14	512.78	454.06	390.01	334.83	288.08	250.46	220.96	193.92
"FSU"	2213.32	2483.27	2759.60	3065.57	3332.73	3406.06	3189.99	2825.33	2422.17	2152.82	2011.49	1846.97	1589.60	1319.40	1128.18	979.51	866.09	759.83	637.80
"MDE"	1798.24	2259.33	2781.29	3282.06	3901.82	4409.57	4655.57	4716.27	4576.86	4408.93	4256.27	4009.85	3617.85	3184.51	2817.32	2451.89	2126.26	1817.59	1501.31
"CAM"	469.28	546.24	622.16	716.35	828.30	936.16	994.08	1017.93	1010.92	963.66	889.95	809.83	712.78	620.08	537.00	455.53	378.99	311.58	248.06
"SAM"	966.34	1121.65	1295.40	1464.74	1645.52	1804.88	1879.62	1866.78	1780.38	1663.79	1525.68	1360.30	1185.80	1016.96	870.98	733.56	605.02	491.18	392.82
"SAS"	1853.81	2462.72	3308.29	4389.33	5636.26	6865.24	7599.79	7721.64	7349.14	6768.17	6053.74	5222.57	4384.58	3546.99	2887.24	2329.57	1851.02	1464.04	1135.23
"SEA"	1233.10	1499.12	1866.36	2290.62	2723.14	3090.24	3225.16	3131.02	2926.31	2674.89	2395.17	2087.48	1760.15	1467.68	1220.36	1003.44	818.62	662.91	526.21
"CHI"	6822.47	9554.22	12862.33	15493.57	16859.59	16444.95	14670.84	12622.98	10296.42	8166.24	6637.20	5319.92	4221.00	3268.66	2614.66	2037.06	1604.04	1249.42	943.90
"NAF"	245.52	298.36	393.89	497.64	614.25	720.84	781.07	795.23	766.37	725.90	678.05	618.61	537.25	453.04	382.36	324.01	271.37	226.92	183.48
"SSA"	683.39	852.28	1091.24	1376.29	1729.49	2139.93	2533.18	2866.18	3102.41	3234.57	3266.01	3146.03	2888.32	2576.46	2255.22	1938.68	1634.47	1353.86	1095.70
"SIS"	87.64	105.94	122.94	139.62	156.84	170.23	175.54	172.76	163.38	151.00	136.87	121.60	105.11	88.86	75.60	62.94	51.58	41.62	33.00

"GDP per capita by Region (2005 US dollars)"
""	"2010"	"2015"	"2020"	"2025"	"2030"	"2035"	"2040"	"2045"	"2050"	"2055"	"2060"	"2065"	"2070"	"2075"	"2080"	"2085"	"2090"	"2095"	"2100"
"USA"	41633.69	45690.73	51818.24	56236.96	60617.49	64384.49	67102.22	68891.87	69724.88	71888.34	74731.36	77916.53	79248.81	80584.58	82656.51	83324.79	84190.81	84718.33	84146.76
"CAN"	33991.44	38568.42	43802.07	46888.85	50872.04	56808.40	62487.62	67474.94	71174.20	75177.26	81164.38	87696.25	93160.29	95498.22	97502.63	97185.18	95700.80	95520.03	95546.45
"WEU"	686976.83	732327.29	794581.56	849950.05	923130.26	1006526.70	1079702.27	1136952.96	1179828.59	1228572.81	1295037.71	1354074.71	1393164.58	1404643.51	1419170.32	1419194.56	1422977.47	1428507.26	1433561.10
"JPK"	84814.09	95808.57	108351.66	120879.11	131111.10	138404.62	141581.95	144079.81	144237.94	145947.07	143511.25	142584.16	142877.22	138776.59	136096.47	133237.35	129362.38	124832.03	121135.68
"ANZ"	61436.62	71497.11	82879.64	93262.68	104783.48	117869.25	129937.61	141539.52	148204.35	154722.99	165512.65	174443.64	179319.23	179865.64	179060.37	176017.44	173592.39	172471.56	170276.64
"EEU"	176445.56	195554.93	225844.06	255154.18	287737.87	316565.99	331326.50	333293.58	332095.40	334405.43	343101.72	350172.24	346639.76	335440.71	325122.77	314737.93	306167.51	300885.01	293388.92
"FSU"	149913.75	175320.59	208911.05	249443.70	289018.00	321583.36	334899.38	330081.28	316443.03	311598.39	319607.80	325987.75	315435.16	294626.21	282146.61	272081.86	266339.85	259308.90	246459.83
"MDE"	351081.18	418740.96	495012.95	587230.76	698535.55	787850.25	847051.69	875362.05	883571.39	903527.65	945107.35	966128.98	961561.16	945210.50	945795.28	938895.93	930457.14	913434.11	874507.20
"CAM"	46718.47	56482.16	67652.48	84290.64	106205.22	131372.34	153859.31	172461.63	185381.56	193992.25	196923.45	197185.86	192456.98	185150.89	181130.24	174585.72	166324.02	156954.36	145545.30
"SAM"	96559.72	114832.64	134314.42	157507.92	185625.21	214307.90	237053.85	252861.94	261656.84	267363.31	270392.84	270059.67	265021.24	255873.11	250409.49	242302.64	231495.83	218589.85	203998.16
"SAS"	22149.48	27023.54	33939.81	42884.28	53905.08	65804.03	75596.47	81951.66	85534.20	87725.19	88271.62	86670.12	83571.58	79346.19	75633.37	71450.00	67074.55	63042.09	58377.78
"SEA"	142345.17	166668.91	202164.47	243557.14	290177.97	333843.73	363188.86	375280.64	378911.42	380911.19	378603.72	369544.85	353503.48	335193.86	320375.52	302977.18	285454.57	268427.84	249282.15
"CHI"	13668.58	19037.85	26791.61	34396.12	41786.18	47148.21	49627.76	50413.68	48726.88	46373.80	44603.94	43569.46	41191.29	38024.13	35808.83	33431.84	31525.32	29732.96	27330.58
"NAF"	19534.81	23545.11	31167.34	39946.70	50607.50	61553.74	69736.27	74932.23	77016.18	78636.34	79996.53	80245.11	77303.48	72899.72	69319.62	66633.74	63734.00	61299.24	57423.61
"SSA"	126945.41	164928.81	217764.05	271483.32	342741.98	427086.88	525877.04	633805.77	741890.93	840733.71	924962.85	979772.36	995385.41	985357.91	962456.60	920372.80	871147.77	815918.32	751591.34
"SIS"	115995.10	147367.39	183212.22	223384.93	272111.62	322733.48	367831.78	404862.35	433273.35	456044.71	472645.90	480549.81	476456.65	462891.60	451821.07	434027.34	412320.52	387419.39	358779.01

"GDP by Country (2005 US dollars)"
""	"2010"	"2015"	"2020"	"2025"	"2030"	"2035"	"2040"	"2045"	"2050"	"2055"	"2060"	"2065"	"2070"	"2075"	"2080"	"2085"	"2090"	"2095"	"2100"
"USA"	1.300000E+13	1.485532E+13	1.751368E+13	1.971813E+13	2.198165E+13	2.404558E+13	2.571124E+13	2.701325E+13	2.794943E+13	2.942895E+13	3.122006E+13	3.318537E+13	3.435350E+13	3.547722E+13	3.687417E+13	3.759577E+13	3.835632E+13	3.890723E+13	3.888169E+13
"CAN"	1.160000E+12	1.383499E+12	1.647495E+12	1.837329E+12	2.066270E+12	2.379414E+12	2.689575E+12	2.978584E+12	3.219034E+12	3.474128E+12	3.823958E+12	4.204269E+12	4.536289E+12	4.712704E+12	4.865030E+12	4.891257E+12	4.846671E+12	4.855705E+12	4.861635E+12
"ARG"	5.500000E+11	6.781724E+11	8.158562E+11	9.863286E+11	1.194828E+12	1.410278E+12	1.589665E+12	1.724217E+12	1.809723E+12	1.870023E+12	1.906581E+12	1.917927E+12	1.888448E+12	1.820742E+12	1.780611E+12	1.718533E+12	1.637156E+12	1.539707E+12	1.429815E+12
"ARM"	1.662522E+10	2.109134E+10	2.658527E+10	3.357575E+10	3.889231E+10	4.307825E+10	4.496745E+10	4.390645E+10	4.078665E+10	3.895329E+10	3.882852E+10	3.929613E+10	3.724635E+10	3.397088E+10	3.183101E+10	2.995072E+10	2.890281E+10	2.762748E+10	2.586122E+10
"AUS"	8.020000E+11	1.005181E+12	1.246961E+12	1.492107E+12	1.771149E+12	2.093966E+12	2.417717E+12	2.751910E+12	3.004180E+12	3.255730E+12	3.600334E+12	3.908488E+12	4.125700E+12	4.236816E+12	4.304878E+12	4.304100E+12	4.303078E+12	4.320191E+12	4.295190E+12
"AUT"	2.950000E+11	3.169098E+11	3.469722E+11	3.756735E+11	4.119061E+11	4.539686E+11	4.929914E+11	5.233542E+11	5.437430E+11	5.665848E+11	5.996897E+11	6.269227E+11	6.450841E+11	6.505634E+11	6.582197E+11	6.606331E+11	6.630286E+11	6.665634E+11	6.665061E+11
"AZE"	8.114338E+10	1.066665E+11	1.393415E+11	1.809810E+11	2.148349E+11	2.425502E+11	2.569607E+11	2.535054E+11	2.368745E+11	2.266142E+11	2.258825E+11	2.286335E+11	2.169169E+11	1.978790E+11	1.851897E+11	1.739428E+11	1.673699E+11	1.593022E+11	1.481729E+11
"BDI"	6.2922197E+9	8.5724374E+9	1.254660E+10	1.940376E+10	3.123857E+10	4.930156E+10	7.341200E+10	1.028172E+11	1.349087E+11	1.672641E+11	1.980068E+11	2.226430E+11	2.377823E+11	2.472799E+11	2.523934E+11	2.530665E+11	2.489140E+11	2.411854E+11	2.290677E+11
"BEL"	3.490000E+11	3.766933E+11	4.127102E+11	4.466236E+11	4.893167E+11	5.392060E+11	5.856833E+11	6.216674E+11	6.454418E+11	6.722547E+11	7.114839E+11	7.440272E+11	7.661071E+11	7.734628E+11	7.836925E+11	7.879908E+11	7.924692E+11	7.986634E+11	8.010028E+11
"BEN"	1.410251E+10	1.926742E+10	2.817405E+10	4.359290E+10	7.011012E+10	1.097451E+11	1.604936E+11	2.190541E+11	2.790847E+11	3.357569E+11	3.852712E+11	4.190259E+11	4.320467E+11	4.333764E+11	4.267670E+11	4.130607E+11	3.923703E+11	3.673287E+11	3.373185E+11
"BFA"	1.996936E+10	2.950194E+10	4.594603E+10	7.492611E+10	1.259763E+11	2.048207E+11	3.094389E+11	4.345783E+11	5.682331E+11	7.005564E+11	8.231367E+11	9.165230E+11	9.673308E+11	9.932078E+11	1.000897E+12	9.911485E+11	9.628963E+11	9.214959E+11	8.645623E+11
"BGD"	2.530000E+11	3.263558E+11	4.331865E+11	5.835791E+11	7.930451E+11	1.050284E+12	1.303390E+12	1.510970E+12	1.655102E+12	1.737172E+12	1.771164E+12	1.739683E+12	1.669252E+12	1.594738E+12	1.500862E+12	1.397626E+12	1.293438E+12	1.205101E+12	1.097414E+12
"BGR"	9.260984E+10	9.982599E+10	1.147541E+11	1.266259E+11	1.390701E+11	1.461057E+11	1.447943E+11	1.371620E+11	1.275369E+11	1.181235E+11	1.143109E+11	1.070259E+11	9.737806E+10	8.628713E+10	7.904814E+10	7.307518E+10	6.729295E+10	6.220084E+10	5.675119E+10
"BHR"	3.696163E+10	5.231593E+10	6.640851E+10	8.417234E+10	1.045975E+11	1.213631E+11	1.343968E+11	1.417502E+11	1.455069E+11	1.506298E+11	1.581663E+11	1.601471E+11	1.570101E+11	1.514908E+11	1.485270E+11	1.443913E+11	1.406415E+11	1.364107E+11	1.292433E+11
"BHS"	7.4955991E+9	9.8789202E+9	1.248068E+10	1.566413E+10	1.952626E+10	2.354696E+10	2.695002E+10	2.953141E+10	3.121069E+10	3.238041E+10	3.308027E+10	3.330156E+10	3.277759E+10	3.154571E+10	3.074835E+10	2.955779E+10	2.803572E+10	2.624247E+10	2.423028E+10
"BIH"	2.891723E+10	3.050139E+10	3.439924E+10	3.850959E+10	4.295978E+10	4.679943E+10	4.839861E+10	4.768107E+10	4.571980E+10	4.418984E+10	4.289219E+10	4.013956E+10	3.678560E+10	3.323640E+10	3.011014E+10	2.733952E+10	2.460866E+10	2.235517E+10	1.985727E+10
"BLR"	1.400000E+11	1.712073E+11	2.052361E+11	2.511824E+11	3.037196E+11	3.491804E+11	3.643979E+11	3.557207E+11	3.381480E+11	3.308099E+11	3.305950E+11	3.217326E+11	2.981425E+11	2.653723E+11	2.436937E+11	2.274570E+11	2.155622E+11	2.032312E+11	1.854563E+11
"BLZ"	2.0969009E+9	2.9988741E+9	4.2604300E+9	6.6197935E+9	1.021096E+10	1.510572E+10	2.046232E+10	2.571539E+10	3.004798E+10	3.352667E+10	3.531969E+10	3.626627E+10	3.586543E+10	3.469853E+10	3.423337E+10	3.301813E+10	3.137895E+10	2.944670E+10	2.709451E+10
"BOL"	3.596210E+10	4.347194E+10	5.178046E+10	6.246828E+10	7.599431E+10	9.048057E+10	1.031625E+11	1.132968E+11	1.203963E+11	1.259096E+11	1.298491E+11	1.320462E+11	1.313186E+11	1.276972E+11	1.257413E+11	1.220610E+11	1.168245E+11	1.102568E+11	1.026200E+11
"BRA"	1.780000E+12	2.100631E+12	2.577294E+12	3.030203E+12	3.548277E+12	4.135777E+12	4.611531E+12	4.915195E+12	5.050038E+12	5.126323E+12	5.137672E+12	4.947751E+12	4.719815E+12	4.545732E+12	4.311326E+12	4.059244E+12	3.743505E+12	3.434106E+12	3.140879E+12
"BRB"	5.7695576E+9	8.4363812E+9	1.127338E+10	1.456443E+10	1.842234E+10	2.234818E+10	2.558484E+10	2.794680E+10	2.939787E+10	3.036745E+10	3.093057E+10	3.109278E+10	3.060849E+10	2.950994E+10	2.886014E+10	2.786670E+10	2.657194E+10	2.501783E+10	2.325020E+10
"BRN"	1.874282E+10	2.298617E+10	2.875858E+10	3.551122E+10	4.315237E+10	5.033506E+10	5.529000E+10	5.743868E+10	5.835210E+10	5.898782E+10	5.878197E+10	5.715977E+10	5.458703E+10	5.162671E+10	4.920068E+10	4.618555E+10	4.304710E+10	3.992642E+10	3.660939E+10
"BTN"	4.7045962E+9	5.9605368E+9	7.6219191E+9	9.5744671E+9	1.177576E+10	1.385773E+10	1.533903E+10	1.605412E+10	1.642318E+10	1.669894E+10	1.670341E+10	1.625789E+10	1.549438E+10	1.459042E+10	1.383154E+10	1.292088E+10	1.199625E+10	1.109430E+10	1.014806E+10
"BWA"	2.923086E+10	4.045531E+10	5.601830E+10	6.713283E+10	8.032182E+10	9.474114E+10	1.173915E+11	1.500365E+11	1.909205E+11	2.347370E+11	2.784206E+11	3.162561E+11	3.405665E+11	3.510840E+11	3.528034E+11	3.418477E+11	3.267107E+11	3.070450E+11	2.819987E+11
"CHE"	3.420000E+11	3.865456E+11	4.403730E+11	4.884527E+11	5.525781E+11	6.214856E+11	6.833734E+11	7.464258E+11	8.148819E+11	8.828267E+11	9.485981E+11	1.016142E+12	1.074467E+12	1.111816E+12	1.144533E+12	1.148735E+12	1.155535E+12	1.150417E+12	1.153704E+12
"CHL"	2.480000E+11	3.244191E+11	4.077809E+11	5.083890E+11	6.290420E+11	7.526445E+11	8.543933E+11	9.280137E+11	9.711250E+11	9.967612E+11	1.007219E+12	1.003369E+12	9.780458E+11	9.330573E+11	9.021406E+11	8.602275E+11	8.094788E+11	7.523714E+11	6.911051E+11
"CHN"	1.080000E+13	1.607843E+13	2.313726E+13	2.998039E+13	3.530434E+13	3.753773E+13	3.674408E+13	3.491936E+13	3.166952E+13	2.811217E+13	2.574533E+13	2.346988E+13	2.133469E+13	1.906473E+13	1.772689E+13	1.616840E+13	1.501294E+13	1.388864E+13	1.255204E+13
"CIV"	3.456836E+10	4.444672E+10	6.141882E+10	9.024352E+10	1.387130E+11	2.093776E+11	2.987001E+11	4.022414E+11	5.102049E+11	6.151202E+11	7.107000E+11	7.813275E+11	8.169182E+11	8.329623E+11	8.350945E+11	8.239322E+11	7.983922E+11	7.626284E+11	7.146309E+11
"CMR"	4.425869E+10	6.152906E+10	9.130893E+10	1.430786E+11	2.328129E+11	3.686353E+11	5.451860E+11	7.522186E+11	9.684620E+11	1.177142E+12	1.364477E+12	1.499189E+12	1.561780E+12	1.582830E+12	1.574702E+12	1.539917E+12	1.477989E+12	1.397906E+12	1.296706E+12
"COL"	3.760000E+11	4.723839E+11	5.778467E+11	7.082424E+11	8.677667E+11	1.033526E+12	1.172332E+12	1.276093E+12	1.340876E+12	1.384853E+12	1.409655E+12	1.414883E+12	1.389197E+12	1.334456E+12	1.298959E+12	1.246800E+12	1.180350E+12	1.102526E+12	1.016344E+12
"COM"	911197814.90	1.2079716E+9	1.7124960E+9	2.5720299E+9	4.0327510E+9	6.1879277E+9	8.9204314E+9	1.206247E+10	1.529218E+10	1.839179E+10	2.119150E+10	2.322989E+10	2.420980E+10	2.460096E+10	2.458132E+10	2.417913E+10	2.336909E+10	2.228226E+10	2.085613E+10
"CRI"	4.138690E+10	5.436263E+10	6.868073E+10	8.605871E+10	1.070024E+11	1.286174E+11	1.465590E+11	1.595704E+11	1.671150E+11	1.714687E+11	1.729913E+11	1.717782E+11	1.666050E+11	1.578472E+11	1.513263E+11	1.429810E+11	1.332697E+11	1.226666E+11	1.115377E+11
"CYP"	1.979618E+10	2.272516E+10	2.660526E+10	3.023339E+10	3.418882E+10	3.758765E+10	3.918032E+10	3.932508E+10	3.944232E+10	4.004770E+10	4.131765E+10	4.329841E+10	4.349643E+10	4.246310E+10	4.123529E+10	3.995280E+10	3.934863E+10	3.929783E+10	3.913424E+10
"CZE"	2.290000E+11	2.575790E+11	2.951581E+11	3.286067E+11	3.636537E+11	3.929793E+11	4.051224E+11	4.044513E+11	4.054303E+11	4.117620E+11	4.252425E+11	4.469431E+11	4.518064E+11	4.452751E+11	4.374032E+11	4.289209E+11	4.271904E+11	4.308963E+11	4.337741E+11
"DEU"	2.800000E+12	2.998894E+12	3.256325E+12	3.478327E+12	3.748920E+12	4.052821E+12	4.307981E+12	4.465581E+12	4.519980E+12	4.584491E+12	4.722976E+12	4.807694E+12	4.821104E+12	4.742384E+12	4.684411E+12	4.596578E+12	4.517854E+12	4.456460E+12	4.378564E+12
"DJI"	2.7289509E+9	3.5607106E+9	4.9570643E+9	7.2586152E+9	1.098914E+10	1.616996E+10	2.230348E+10	2.885467E+10	3.496984E+10	4.013488E+10	4.405910E+10	4.600882E+10	4.574909E+10	4.445393E+10	4.256527E+10	4.019886E+10	3.738319E+10	3.437107E+10	3.108906E+10
"DNK"	1.960000E+11	2.104687E+11	2.304225E+11	2.497541E+11	2.744736E+11	3.033902E+11	3.304562E+11	3.519326E+11	3.671722E+11	3.849044E+11	4.104192E+11	4.323673E+11	4.481204E+11	4.548978E+11	4.630264E+11	4.673549E+11	4.714651E+11	4.763558E+11	4.787099E+11
"DOM"	8.781745E+10	1.098197E+11	1.337462E+11	1.632976E+11	1.994138E+11	2.367946E+11	2.679081E+11	2.909488E+11	3.050894E+11	3.145857E+11	3.198173E+11	3.206576E+11	3.145607E+11	3.019567E+11	2.937835E+11	2.818726E+11	2.667978E+11	2.492295E+11	2.298913E+11
"ECU"	9.914940E+10	1.239006E+11	1.513747E+11	1.860273E+11	2.292605E+11	2.753165E+11	3.153902E+11	3.469846E+11	3.686325E+11	3.848532E+11	3.958275E+11	4.012089E+11	3.975634E+11	3.851851E+11	3.778855E+11	3.653049E+11	3.480234E+11	3.268462E+11	3.026335E+11
"EGY"	4.930000E+11	6.280955E+11	8.773437E+11	1.181379E+12	1.565657E+12	1.986402E+12	2.341275E+12	2.607006E+12	2.761759E+12	2.890055E+12	2.997954E+12	3.053243E+12	2.974655E+12	2.826867E+12	2.700737E+12	2.602509E+12	2.490434E+12	2.390849E+12	2.230343E+12
"ESP"	1.290000E+12	1.391419E+12	1.520038E+12	1.634942E+12	1.778973E+12	1.948026E+12	2.103201E+12	2.216878E+12	2.280124E+12	2.344854E+12	2.441998E+12	2.506435E+12	2.530793E+12	2.507831E+12	2.499444E+12	2.478031E+12	2.461482E+12	2.451833E+12	2.430475E+12
"EST"	2.386834E+10	2.581647E+10	2.857666E+10	3.080484E+10	3.308785E+10	3.476994E+10	3.489464E+10	3.393029E+10	3.314252E+10	3.286056E+10	3.320060E+10	3.419787E+10	3.391862E+10	3.282842E+10	3.170544E+10	3.061288E+10	3.006783E+10	2.994650E+10	2.981217E+10
"ETH"	8.284494E+10	1.142619E+11	1.680328E+11	2.602941E+11	4.171393E+11	6.482933E+11	9.396461E+11	1.270356E+12	1.603091E+12	1.910484E+12	2.172203E+12	2.341835E+12	2.394474E+12	2.383039E+12	2.328914E+12	2.237780E+12	2.111092E+12	1.963977E+12	1.793681E+12
"FIN"	1.750000E+11	1.897632E+11	2.090424E+11	2.270160E+11	2.490421E+11	2.740666E+11	2.967538E+11	3.140708E+11	3.256787E+11	3.393903E+11	3.596470E+11	3.763571E+11	3.873779E+11	3.906204E+11	3.951297E+11	3.966061E+11	3.981482E+11	4.004843E+11	4.008329E+11
"FJI"	3.8530413E+9	4.7964887E+9	6.1356342E+9	7.9727417E+9	1.047434E+10	1.344449E+10	1.619262E+10	1.822237E+10	1.937551E+10	1.976921E+10	1.963318E+10	1.883137E+10	1.769738E+10	1.661769E+10	1.542825E+10	1.422064E+10	1.306150E+10	1.210283E+10	1.098424E+10
"FRA"	1.950000E+12	2.111521E+12	2.325716E+12	2.528385E+12	2.784825E+12	3.084928E+12	3.365955E+12	3.587445E+12	3.741609E+12	3.918516E+12	4.171323E+12	4.385480E+12	4.537500E+12	4.601754E+12	4.683789E+12	4.729308E+12	4.775607E+12	4.832240E+12	4.865277E+12
"GAB"	2.453692E+10	3.375284E+10	4.753116E+10	5.859994E+10	7.254931E+10	8.872044E+10	1.139893E+11	1.507847E+11	1.981484E+11	2.512274E+11	3.072392E+11	3.601351E+11	4.006296E+11	4.268674E+11	4.433453E+11	4.438169E+11	4.379656E+11	4.246610E+11	4.020788E+11
"GBR"	1.950000E+12	2.116148E+12	2.338752E+12	2.552293E+12	2.818529E+12	3.128142E+12	3.421455E+12	3.658539E+12	3.827537E+12	4.015764E+12	4.277208E+12	4.495034E+12	4.645092E+12	4.701236E+12	4.771059E+12	4.801888E+12	4.831504E+12	4.869244E+12	4.879528E+12
"GEO"	2.562177E+10	3.014077E+10	3.554428E+10	4.214551E+10	4.621427E+10	4.893794E+10	4.930472E+10	4.687217E+10	4.274091E+10	4.035850E+10	3.994029E+10	4.029556E+10	3.822618E+10	3.500186E+10	3.298741E+10	3.124710E+10	3.034638E+10	2.915276E+10	2.736310E+10
"GHA"	6.894029E+10	9.485063E+10	1.386874E+11	2.134703E+11	3.402431E+11	5.264332E+11	7.587233E+11	1.017040E+12	1.268825E+12	1.491313E+12	1.669830E+12	1.771916E+12	1.782652E+12	1.745293E+12	1.678231E+12	1.587398E+12	1.474892E+12	1.351868E+12	1.216847E+12
"GIN"	1.097410E+10	1.635875E+10	2.396655E+10	3.379747E+10	4.599272E+10	5.921303E+10	7.103995E+10	7.989430E+10	8.719055E+10	9.411172E+10	9.960089E+10	1.023152E+11	1.026206E+11	1.013627E+11	1.004252E+11	9.768275E+10	9.404200E+10	8.981586E+10	8.453319E+10
"GMB"	3.2009321E+9	4.6762224E+9	7.2618470E+9	1.187056E+10	2.007511E+10	3.289402E+10	5.008799E+10	7.077146E+10	9.283965E+10	1.144620E+11	1.341121E+11	1.485391E+11	1.556203E+11	1.582938E+11	1.577635E+11	1.543005E+11	1.478801E+11	1.394816E+11	1.288789E+11
"GNB"	1.9239606E+9	2.4262496E+9	3.2710188E+9	4.6567597E+9	6.8941371E+9	0.999024E+10	1.370489E+10	1.784065E+10	2.200458E+10	2.593772E+10	2.942911E+10	3.187289E+10	3.291455E+10	3.322734E+10	3.304105E+10	3.238016E+10	3.120350E+10	2.968237E+10	2.773330E+10
"GNQ"	1.451013E+10	2.492371E+10	4.001106E+10	5.375350E+10	7.027747E+10	8.921393E+10	1.177149E+11	1.590241E+11	2.127564E+11	2.737526E+11	3.387203E+11	4.004994E+11	4.482020E+11	4.793100E+11	4.987107E+11	4.993456E+11	4.921110E+11	4.758852E+11	4.487767E+11
"GRC"	2.760000E+11	2.921819E+11	3.139660E+11	3.336223E+11	3.590837E+11	3.891754E+11	4.160827E+11	4.347164E+11	4.438817E+11	4.541402E+11	4.715284E+11	4.832849E+11	4.877731E+11	4.833934E+11	4.817789E+11	4.774433E+11	4.738039E+11	4.714115E+11	4.667829E+11
"GTM"	5.774905E+10	7.462481E+10	0.999894E+11	1.501897E+11	2.270715E+11	3.331448E+11	4.518401E+11	5.729036E+11	6.789699E+11	7.716348E+11	8.301802E+11	8.718178E+11	8.823918E+11	8.739918E+11	8.826025E+11	8.708782E+11	8.460271E+11	8.108815E+11	7.615920E+11
"HND"	2.238932E+10	2.710684E+10	3.434360E+10	4.910636E+10	7.104613E+10	1.002071E+11	1.311169E+11	1.607321E+11	1.843760E+11	2.029763E+11	2.116831E+11	2.156130E+11	2.117980E+11	2.036555E+11	1.997541E+11	1.916240E+11	1.811922E+11	1.692409E+11	1.551139E+11
"HRV"	7.163105E+10	7.718047E+10	8.856407E+10	1.003758E+11	1.130187E+11	1.241816E+11	1.295681E+11	1.287877E+11	1.245541E+11	1.214179E+11	1.189010E+11	1.123862E+11	1.042476E+11	9.555834E+10	8.799527E+10	8.128370E+10	7.440460E+10	6.863704E+10	6.176811E+10
"HUN"	1.690000E+11	1.817402E+11	2.001917E+11	2.149726E+11	2.304254E+11	2.417295E+11	2.422230E+11	2.355321E+11	2.306184E+11	2.294416E+11	2.325627E+11	2.400531E+11	2.383106E+11	2.308044E+11	2.230858E+11	2.155163E+11	2.116731E+11	2.106480E+11	2.093472E+11
"IDN"	1.040000E+12	1.375580E+12	1.879893E+12	2.618783E+12	3.460824E+12	4.378733E+12	4.989515E+12	5.209775E+12	5.273104E+12	5.245650E+12	5.150096E+12	4.921020E+12	4.567703E+12	4.262159E+12	3.986276E+12	3.735371E+12	3.497909E+12	3.258172E+12	2.999342E+12
"IND"	4.500000E+12	6.424938E+12	9.279692E+12	1.321009E+13	1.820579E+13	2.383184E+13	2.839989E+13	3.115282E+13	3.216423E+13	3.232523E+13	3.175841E+13	3.021896E+13	2.813045E+13	2.545210E+13	2.338740E+13	2.134478E+13	1.927489E+13	1.740158E+13	1.549036E+13
"IRL"	1.820000E+11	1.993664E+11	2.221130E+11	2.439432E+11	2.710617E+11	3.031766E+11	3.345876E+11	3.609676E+11	3.806194E+11	4.018162E+11	4.298876E+11	4.532337E+11	4.695859E+11	4.766164E+11	4.855222E+11	4.909623E+11	4.963794E+11	5.022441E+11	5.050133E+11
"IRN"	9.950000E+11	1.210146E+12	1.618987E+12	1.998755E+12	2.588741E+12	3.244876E+12	3.729135E+12	4.164914E+12	4.428263E+12	4.675696E+12	4.955908E+12	5.175759E+12	5.152225E+12	5.001585E+12	4.876453E+12	4.717787E+12	4.579832E+12	4.366518E+12	4.037916E+12
"IRQ"	1.470000E+11	1.995200E+11	2.930206E+11	3.956839E+11	5.551737E+11	7.499114E+11	9.232448E+11	1.098249E+12	1.238892E+12	1.384649E+12	1.551718E+12	1.712500E+12	1.799641E+12	1.840803E+12	1.884988E+12	1.906731E+12	1.924913E+12	1.899406E+12	1.811431E+12
"ISL"	1.049963E+10	1.170991E+10	1.315192E+10	1.434693E+10	1.594862E+10	1.760557E+10	1.898208E+10	2.030559E+10	2.166081E+10	2.293563E+10	2.410727E+10	2.529586E+10	2.623910E+10	2.668278E+10	2.705774E+10	2.680944E+10	2.669411E+10	2.637310E+10	2.632323E+10
"ISR"	1.710000E+11	2.231791E+11	2.660273E+11	3.248233E+11	3.957634E+11	4.552650E+11	5.041398E+11	5.348952E+11	5.546505E+11	5.824901E+11	6.236819E+11	6.478208E+11	6.552652E+11	6.552365E+11	6.672261E+11	6.732731E+11	6.784492E+11	6.784759E+11	6.612822E+11
"ITA"	1.740000E+12	1.861050E+12	2.018992E+12	2.158368E+12	2.336491E+12	2.544617E+12	2.731330E+12	2.864073E+12	2.935866E+12	3.015548E+12	3.142800E+12	3.232951E+12	3.275372E+12	3.258824E+12	3.261219E+12	3.243964E+12	3.230137E+12	3.224530E+12	3.203879E+12
"JAM"	1.196122E+10	1.447918E+10	1.711816E+10	2.030894E+10	2.407847E+10	2.771842E+10	3.036172E+10	3.188155E+10	3.227780E+10	3.212728E+10	3.153874E+10	3.057550E+10	2.905187E+10	2.705060E+10	2.555444E+10	2.383765E+10	2.198561E+10	2.008549E+10	1.819606E+10
"JOR"	3.621257E+10	4.625884E+10	6.107123E+10	7.637427E+10	1.006632E+11	1.287146E+11	1.511728E+11	1.727761E+11	1.879967E+11	2.032772E+11	2.207568E+11	2.364119E+11	2.415611E+11	2.409330E+11	2.412670E+11	2.391144E+11	2.368193E+11	2.293696E+11	2.148828E+11
"JPN"	3.940000E+12	4.116060E+12	4.256187E+12	4.496079E+12	4.748450E+12	4.903774E+12	4.916259E+12	4.975740E+12	4.948897E+12	4.964513E+12	4.930734E+12	4.810072E+12	4.621510E+12	4.399536E+12	4.185911E+12	4.018236E+12	3.873990E+12	3.725409E+12	3.571349E+12
"KAZ"	2.150000E+11	2.828508E+11	3.703613E+11	4.834468E+11	5.780307E+11	6.605721E+11	7.124059E+11	7.192849E+11	6.904779E+11	6.801097E+11	6.984385E+11	7.288098E+11	7.136647E+11	6.731157E+11	6.516331E+11	6.318788E+11	6.258894E+11	6.116967E+11	5.835385E+11
"KEN"	6.899352E+10	9.779756E+10	1.471036E+11	2.327734E+11	3.816717E+11	6.079086E+11	9.024968E+11	1.247261E+12	1.605984E+12	1.949248E+12	2.254532E+12	2.470616E+12	2.565769E+12	2.591318E+12	2.568632E+12	2.502217E+12	2.391637E+12	2.252158E+12	2.079440E+12
"KGZ"	1.307602E+10	1.681499E+10	2.191205E+10	2.858870E+10	3.421897E+10	3.920352E+10	4.250831E+10	4.328848E+10	4.196734E+10	4.170272E+10	4.314236E+10	4.529936E+10	4.462616E+10	4.235397E+10	4.125425E+10	4.023727E+10	4.007449E+10	3.937837E+10	3.777562E+10
"KHM"	3.281990E+10	4.526506E+10	6.659953E+10	8.939545E+10	1.183449E+11	1.488303E+11	1.745007E+11	1.929219E+11	1.991154E+11	2.005739E+11	1.988360E+11	2.021292E+11	1.938636E+11	1.800470E+11	1.676886E+11	1.557902E+11	1.455298E+11	1.363301E+11	1.241000E+11
"KOR"	1.320000E+12	1.593644E+12	1.917170E+12	2.220236E+12	2.451317E+12	2.608971E+12	2.672080E+12	2.695035E+12	2.668407E+12	2.667101E+12	2.560487E+12	2.512883E+12	2.514911E+12	2.412890E+12	2.351751E+12	2.277359E+12	2.173812E+12	2.059091E+12	1.971397E+12
"KWT"	1.930000E+11	2.711424E+11	3.333745E+11	4.189712E+11	5.231514E+11	6.144735E+11	6.936121E+11	7.498296E+11	7.921080E+11	8.461284E+11	9.184272E+11	9.632380E+11	9.812286E+11	9.872025E+11	1.011392E+12	1.026163E+12	1.038863E+12	1.042337E+12	1.017991E+12
"LAO"	1.580723E+10	2.142097E+10	3.113350E+10	4.141501E+10	5.464579E+10	6.865093E+10	8.050027E+10	8.913968E+10	9.230677E+10	9.345147E+10	9.318616E+10	9.529993E+10	9.188689E+10	8.577304E+10	8.028272E+10	7.501409E+10	7.042497E+10	6.628248E+10	6.056567E+10
"LBN"	6.742802E+10	8.542065E+10	1.069762E+11	1.295125E+11	1.650511E+11	2.032254E+11	2.292072E+11	2.517514E+11	2.638627E+11	2.754875E+11	2.892529E+11	2.993806E+11	2.952407E+11	2.838133E+11	2.737267E+11	2.614988E+11	2.504965E+11	2.358903E+11	2.161447E+11
"LBR"	2.4633491E+9	3.3109180E+9	4.7884362E+9	7.3768348E+9	1.188575E+10	1.872234E+10	2.759549E+10	3.793611E+10	4.862894E+10	5.881320E+10	6.782402E+10	7.412923E+10	7.677831E+10	7.730983E+10	7.638876E+10	7.417389E+10	7.067553E+10	6.635947E+10	6.110525E+10
"LKA"	1.200000E+11	1.566160E+11	2.048834E+11	2.604083E+11	3.216737E+11	3.784764E+11	4.176387E+11	4.347341E+11	4.414826E+11	4.455755E+11	4.429582E+11	4.295294E+11	4.089962E+11	3.858287E+11	3.671846E+11	3.447190E+11	3.217191E+11	2.990086E+11	2.748904E+11
"LSO"	4.9481074E+9	6.8022945E+9	9.8220201E+9	1.479528E+10	2.291615E+10	3.433637E+10	4.805611E+10	6.301651E+10	7.751481E+10	9.030945E+10	1.005744E+11	1.064423E+11	1.071595E+11	1.053590E+11	1.020523E+11	9.748577E+10	9.167664E+10	8.522064E+10	7.791804E+10
"LTU"	5.056118E+10	5.434472E+10	6.277286E+10	6.992102E+10	7.780800E+10	8.300433E+10	8.367173E+10	8.085670E+10	7.696763E+10	7.314933E+10	7.267423E+10	6.972561E+10	6.483812E+10	5.858833E+10	5.465532E+10	5.137485E+10	4.801278E+10	4.492719E+10	4.138511E+10
"LUX"	3.087746E+10	3.503623E+10	4.026399E+10	4.553366E+10	5.193549E+10	5.928279E+10	6.629265E+10	7.198912E+10	7.599907E+10	8.023822E+10	8.584919E+10	9.049953E+10	9.365400E+10	9.477052E+10	9.603691E+10	9.642351E+10	9.670465E+10	9.710097E+10	9.697859E+10
"LVA"	3.296023E+10	3.434757E+10	3.850898E+10	4.166386E+10	4.527499E+10	4.731416E+10	4.695762E+10	4.485298E+10	4.231345E+10	3.993284E+10	3.946842E+10	3.774912E+10	3.507076E+10	3.171353E+10	2.962336E+10	2.788020E+10	2.608080E+10	2.442315E+10	2.251963E+10
"MAR"	1.420000E+11	1.892584E+11	2.707145E+11	3.695531E+11	4.914443E+11	6.207077E+11	7.245540E+11	7.971124E+11	8.336779E+11	8.612418E+11	8.816090E+11	8.858371E+11	8.520894E+11	8.010323E+11	7.588751E+11	7.265847E+11	6.917845E+11	6.614291E+11	6.149454E+11
"MDA"	1.269875E+10	1.405386E+10	1.562106E+10	1.799992E+10	2.062224E+10	2.260369E+10	2.264062E+10	2.136713E+10	1.973302E+10	1.900986E+10	1.873852E+10	1.799176E+10	1.645356E+10	1.446807E+10	1.315594E+10	1.219093E+10	1.150013E+10	1.081137E+10	9.8471417E+9
"MDG"	1.972425E+10	2.665545E+10	3.884335E+10	6.026837E+10	9.765517E+10	1.545830E+11	2.293120E+11	3.181593E+11	4.127011E+11	5.057720E+11	5.912441E+11	6.553097E+11	6.887373E+11	7.043374E+11	7.071266E+11	6.978060E+11	6.758342E+11	6.450279E+11	6.037465E+11
"MDV"	4.8063086E+9	6.7669754E+9	9.4161615E+9	1.261884E+10	1.629305E+10	1.991436E+10	2.274198E+10	2.442923E+10	2.552459E+10	2.639236E+10	2.675882E+10	2.633970E+10	2.533649E+10	2.402408E+10	2.286616E+10	2.138829E+10	1.984858E+10	1.833743E+10	1.675025E+10
"MEX"	1.390000E+12	1.700713E+12	2.043059E+12	2.481394E+12	3.038497E+12	3.653102E+12	4.142289E+12	4.565325E+12	4.928857E+12	5.141153E+12	5.239462E+12	5.286433E+12	5.189516E+12	5.079853E+12	4.954801E+12	4.763107E+12	4.514135E+12	4.256015E+12	3.896723E+12
"MKD"	1.780586E+10	1.926905E+10	2.218877E+10	2.524621E+10	2.850622E+10	3.136825E+10	3.275558E+10	3.256996E+10	3.148582E+10	3.063366E+10	2.987922E+10	2.806687E+10	2.582385E+10	2.344583E+10	2.136680E+10	1.953203E+10	1.770723E+10	1.619665E+10	1.446899E+10
"MLI"	1.933214E+10	2.952052E+10	4.747611E+10	7.999435E+10	1.391326E+11	2.342248E+11	3.658939E+11	5.293886E+11	7.100610E+11	8.942466E+11	1.069261E+12	1.207923E+12	1.289776E+12	1.335739E+12	1.354397E+12	1.347003E+12	1.312033E+12	1.257085E+12	1.179192E+12
"MLT"	9.2642158E+9	9.9136464E+9	1.086378E+10	1.159875E+10	1.235418E+10	1.287020E+10	1.279748E+10	1.234465E+10	1.199379E+10	1.185344E+10	1.195391E+10	1.228877E+10	1.214130E+10	1.167496E+10	1.117472E+10	1.067387E+10	1.036240E+10	1.020031E+10	1.003735E+10
"MNE"	8.2386328E+9	9.4581919E+9	1.137354E+10	1.339820E+10	1.556909E+10	1.754674E+10	1.868209E+10	1.887253E+10	1.849404E+10	1.823029E+10	1.802068E+10	1.716111E+10	1.600945E+10	1.473643E+10	1.360925E+10	1.259365E+10	1.154009E+10	1.065397E+10	9.5962498E+9
"MNG"	1.553410E+10	2.211657E+10	3.314858E+10	4.481188E+10	5.926184E+10	7.406834E+10	8.620997E+10	9.466563E+10	9.705800E+10	9.709359E+10	9.559014E+10	9.668956E+10	9.256676E+10	8.617189E+10	8.071685E+10	7.564918E+10	7.133945E+10	6.750672E+10	6.207691E+10
"MOZ"	2.172069E+10	3.189505E+10	4.921515E+10	7.966153E+10	1.333144E+11	2.161451E+11	3.259620E+11	4.575578E+11	5.990797E+11	7.405701E+11	8.727839E+11	9.743823E+11	1.030790E+12	1.060618E+12	1.071017E+12	1.062691E+12	1.034348E+12	9.914788E+11	9.315064E+11
"MRT"	9.6874678E+9	1.369437E+10	2.051720E+10	3.229459E+10	5.255298E+10	8.290256E+10	1.218164E+11	1.666940E+11	2.126777E+11	2.561320E+11	2.943309E+11	3.208867E+11	3.320402E+11	3.345953E+11	3.312426E+11	3.225182E+11	3.083407E+11	2.906933E+11	2.689511E+11
"MUS"	1.710587E+10	2.138524E+10	2.742314E+10	3.083703E+10	3.491068E+10	3.902756E+10	4.581038E+10	5.534312E+10	6.650369E+10	7.734823E+10	8.715394E+10	9.457069E+10	9.786798E+10	9.750052E+10	9.519063E+10	9.005674E+10	8.447210E+10	7.830787E+10	7.129005E+10
"MWI"	1.572237E+10	2.326368E+10	3.631520E+10	5.944242E+10	1.004904E+11	1.644515E+11	2.501440E+11	3.537074E+11	4.656599E+11	5.777795E+11	6.828258E+11	7.644079E+11	8.110270E+11	8.368883E+11	8.476015E+11	8.437976E+11	8.242468E+11	7.931467E+11	7.482963E+11
"MYS"	4.220000E+11	5.352635E+11	6.911278E+11	8.790964E+11	1.095319E+12	1.304019E+12	1.457224E+12	1.536816E+12	1.582361E+12	1.618671E+12	1.628739E+12	1.593799E+12	1.525202E+12	1.440314E+12	1.368033E+12	1.280116E+12	1.189899E+12	1.100890E+12	1.006461E+12
"NAM"	1.384344E+10	1.917970E+10	2.695826E+10	3.301475E+10	4.037436E+10	4.849933E+10	6.094443E+10	7.867079E+10	1.008065E+11	1.246133E+11	1.485772E+11	1.697227E+11	1.839706E+11	1.910794E+11	1.936330E+11	1.893367E+11	1.827367E+11	1.735306E+11	1.611146E+11
"NER"	1.142171E+10	1.641411E+10	2.547658E+10	4.218499E+10	7.307320E+10	1.237942E+11	1.965358E+11	2.915178E+11	4.034000E+11	5.260726E+11	6.526335E+11	7.651997E+11	8.480291E+11	9.115527E+11	9.589802E+11	9.889296E+11	9.979866E+11	9.896721E+11	9.596751E+11
"NGA"	4.100000E+11	5.590112E+11	8.205587E+11	1.282390E+12	2.097038E+12	3.358599E+12	5.047566E+12	7.094386E+12	9.310871E+12	1.153565E+13	1.362674E+13	1.525512E+13	1.618340E+13	1.669091E+13	1.688283E+13	1.677061E+13	1.633257E+13	1.565841E+13	1.470579E+13
"NLD"	6.480000E+11	6.965916E+11	7.612962E+11	8.210440E+11	8.953943E+11	9.800622E+11	1.054371E+12	1.106115E+12	1.134360E+12	1.167984E+12	1.223223E+12	1.266826E+12	1.292676E+12	1.293771E+12	1.299842E+12	1.296266E+12	1.293570E+12	1.294616E+12	1.290364E+12
"NOR"	3.020000E+11	3.603991E+11	4.288684E+11	4.894857E+11	5.655241E+11	6.458060E+11	7.177688E+11	7.898305E+11	8.662828E+11	9.415445E+11	1.014220E+12	1.089117E+12	1.154850E+12	1.199326E+12	1.240509E+12	1.251906E+12	1.267336E+12	1.270768E+12	1.284998E+12
"NPL"	4.199852E+10	5.546875E+10	7.497473E+10	1.025969E+11	1.413382E+11	1.893554E+11	2.374638E+11	2.778673E+11	3.071361E+11	3.253852E+11	3.350799E+11	3.326035E+11	3.225950E+11	3.114169E+11	2.958803E+11	2.778362E+11	2.590683E+11	2.431931E+11	2.232510E+11
"NZL"	1.120000E+11	1.355015E+11	1.630321E+11	1.899817E+11	2.201807E+11	2.544702E+11	2.873988E+11	3.200120E+11	3.417575E+11	3.625923E+11	3.930166E+11	4.187862E+11	4.344445E+11	4.388381E+11	4.387874E+11	4.318973E+11	4.253281E+11	4.209784E+11	4.130854E+11
"OMN"	8.692457E+10	1.349301E+11	1.855653E+11	2.374443E+11	2.937285E+11	3.401021E+11	3.643587E+11	3.698247E+11	3.659069E+11	3.577681E+11	3.623815E+11	3.514599E+11	3.262535E+11	2.900724E+11	2.631869E+11	2.401184E+11	2.195123E+11	2.032255E+11	1.867578E+11
"PAK"	4.910000E+11	5.842383E+11	7.299759E+11	9.947298E+11	1.401282E+12	1.975791E+12	2.623179E+12	3.246718E+12	3.735844E+12	4.117961E+12	4.344668E+12	4.468758E+12	4.466642E+12	4.275984E+12	4.052924E+12	3.809877E+12	3.546934E+12	3.312218E+12	3.039197E+12
"PAN"	4.382275E+10	6.048199E+10	7.954396E+10	1.032044E+11	1.324560E+11	1.639819E+11	1.920934E+11	2.147094E+11	2.306174E+11	2.425360E+11	2.506666E+11	2.548816E+11	2.530991E+11	2.455524E+11	2.411100E+11	2.332775E+11	2.223826E+11	2.089062E+11	1.932804E+11
"PER"	2.410000E+11	3.077320E+11	3.824934E+11	4.753897E+11	5.896691E+11	7.100060E+11	8.132730E+11	8.929358E+11	9.453415E+11	9.826487E+11	1.005556E+12	1.013426E+12	9.981192E+11	9.610071E+11	9.369805E+11	9.003327E+11	8.528565E+11	7.968569E+11	7.347146E+11
"PHL"	3.960000E+11	5.139808E+11	6.890640E+11	9.429949E+11	1.306934E+12	1.770048E+12	2.250065E+12	2.674388E+12	3.005309E+12	3.235246E+12	3.381695E+12	3.403708E+12	3.344859E+12	3.271477E+12	3.150959E+12	3.000916E+12	2.837466E+12	2.697386E+12	2.502396E+12
"POL"	6.700000E+11	7.782045E+11	9.135429E+11	1.034124E+12	1.155159E+12	1.249186E+12	1.277947E+12	1.258543E+12	1.240664E+12	1.238793E+12	1.257150E+12	1.295569E+12	1.279937E+12	1.230265E+12	1.179363E+12	1.131406E+12	1.105694E+12	1.096479E+12	1.086786E+12
"PRT"	2.300000E+11	2.430396E+11	2.609065E+11	2.764427E+11	2.966768E+11	3.203092E+11	3.405349E+11	3.531647E+11	3.575938E+11	3.626198E+11	3.730120E+11	3.783954E+11	3.774055E+11	3.689098E+11	3.622587E+11	3.535901E+11	3.456785E+11	3.389624E+11	3.309951E+11
"PRY"	3.003887E+10	3.694588E+10	4.459420E+10	5.429992E+10	6.644673E+10	7.938669E+10	9.068522E+10	9.972268E+10	1.060924E+11	1.110743E+11	1.146578E+11	1.166890E+11	1.161135E+11	1.129831E+11	1.113506E+11	1.081778E+11	1.036029E+11	9.781672E+10	9.104285E+10
"QAT"	2.030000E+11	3.321114E+11	4.308488E+11	5.486841E+11	6.826504E+11	7.897562E+11	8.694757E+11	9.095876E+11	9.229623E+11	9.395846E+11	9.645401E+11	9.497368E+11	9.014128E+11	8.400174E+11	7.962595E+11	7.519573E+11	7.162665E+11	6.833411E+11	6.384355E+11
"ROU"	2.760000E+11	3.016756E+11	3.523608E+11	3.952138E+11	4.417257E+11	4.725508E+11	4.766656E+11	4.592348E+11	4.341315E+11	4.084436E+11	4.008647E+11	3.796830E+11	3.486059E+11	3.110237E+11	2.864715E+11	2.659504E+11	2.457013E+11	2.276048E+11	2.078628E+11
"RUS"	2.450000E+12	2.840642E+12	3.256332E+12	3.717383E+12	4.272001E+12	4.600213E+12	4.508747E+12	4.202522E+12	3.838950E+12	3.684541E+12	3.781834E+12	3.752760E+12	3.493207E+12	3.155734E+12	2.957495E+12	2.853725E+12	2.814143E+12	2.753102E+12	2.547508E+12
"RWA"	1.308095E+10	1.889561E+10	2.884694E+10	4.617222E+10	7.619479E+10	1.215523E+11	1.801847E+11	2.481294E+11	3.177580E+11	3.830938E+11	4.395303E+11	4.772731E+11	4.908141E+11	4.906426E+11	4.812701E+11	4.638794E+11	4.387064E+11	4.088597E+11	3.737501E+11
"SAU"	7.010000E+11	1.012244E+12	1.292789E+12	1.644125E+12	2.044920E+12	2.373147E+12	2.632851E+12	2.787861E+12	2.875509E+12	2.989829E+12	3.151336E+12	3.204983E+12	3.163423E+12	3.082616E+12	3.058729E+12	3.007953E+12	2.955418E+12	2.882860E+12	2.741575E+12
"SDN"	9.939306E+10	1.495093E+11	2.208106E+11	3.127500E+11	4.265718E+11	5.497872E+11	6.593833E+11	7.408517E+11	8.077767E+11	8.714520E+11	9.224980E+11	9.483048E+11	9.523485E+11	9.425038E+11	9.361059E+11	9.134399E+11	8.828088E+11	8.469552E+11	8.011139E+11
"SEN"	2.294755E+10	3.215167E+10	4.799465E+10	7.553033E+10	1.232719E+11	1.956999E+11	2.904532E+11	4.025908E+11	5.209862E+11	6.367595E+11	7.427417E+11	8.219343E+11	8.632554E+11	8.829147E+11	8.869665E+11	8.759865E+11	8.491881E+11	8.114056E+11	7.606188E+11
"SGP"	2.740000E+11	3.544951E+11	4.623152E+11	5.842728E+11	7.224468E+11	8.522672E+11	9.422514E+11	9.824148E+11	1.000160E+12	1.011465E+12	1.006467E+12	9.747350E+11	9.239810E+11	8.644844E+11	8.131932E+11	7.526949E+11	6.909991E+11	6.300703E+11	5.667494E+11
"SLE"	6.3184819E+9	1.001375E+10	1.596782E+10	2.599166E+10	4.298208E+10	6.806245E+10	9.948367E+10	1.346377E+11	1.694058E+11	2.009928E+11	2.275369E+11	2.444464E+11	2.493689E+11	2.479126E+11	2.423301E+11	2.332150E+11	2.206220E+11	2.060127E+11	1.889772E+11
"SLV"	2.4294622E+9	2.7664136E+9	3.0887774E+9	3.4805444E+9	3.9542982E+9	4.3945664E+9	4.6872275E+9	4.8360854E+9	4.8494101E+9	4.8100030E+9	4.7236443E+9	4.5894214E+9	4.3736732E+9	4.0871220E+9	3.8782393E+9	3.6356371E+9	3.3713657E+9	3.0967862E+9	2.8206840E+9
"SRB"	6.932074E+10	7.173617E+10	7.926469E+10	8.672209E+10	9.440095E+10	1.003437E+11	1.013493E+11	9.764773E+10	9.165263E+10	8.679125E+10	8.251189E+10	7.560296E+10	6.792679E+10	6.031985E+10	5.387496E+10	4.837308E+10	4.316881E+10	3.896460E+10	3.444499E+10
"STP"	468054382.30	641337771.74	935787013.25	1.4414638E+9	2.3117272E+9	3.6171296E+9	5.2864834E+9	7.1911553E+9	9.1056741E+9	1.087438E+10	1.238703E+10	1.337796E+10	1.369635E+10	1.364151E+10	1.334465E+10	1.284161E+10	1.213639E+10	1.131068E+10	1.034550E+10
"SUR"	3.2141509E+9	4.2919485E+9	5.4571401E+9	6.8472373E+9	8.5035663E+9	1.018309E+10	1.153149E+10	1.245888E+10	1.294211E+10	1.325199E+10	1.336721E+10	1.329282E+10	1.293039E+10	1.230407E+10	1.186328E+10	1.128506E+10	1.059300E+10	9.8133420E+9	8.9749369E+9
"SVK"	1.070000E+11	1.194614E+11	1.360996E+11	1.504918E+11	1.650797E+11	1.761642E+11	1.785445E+11	1.746687E+11	1.712889E+11	1.701570E+11	1.718141E+11	1.763083E+11	1.737272E+11	1.668047E+11	1.598274E+11	1.532351E+11	1.495648E+11	1.480536E+11	1.464516E+11
"SVN"	4.623552E+10	5.190985E+10	5.937775E+10	6.589101E+10	7.266368E+10	7.818098E+10	8.006551E+10	7.918088E+10	7.845352E+10	7.872124E+10	8.040680E+10	8.368646E+10	8.381440E+10	8.182671E+10	7.960459E+10	7.733164E+10	7.634156E+10	7.635653E+10	7.624781E+10
"SWE"	3.200000E+11	3.522883E+11	3.949531E+11	4.373918E+11	4.894522E+11	5.499859E+11	6.093254E+11	6.607029E+11	7.017231E+11	7.474837E+11	8.080399E+11	8.615999E+11	9.029307E+11	9.262933E+11	9.521742E+11	9.698966E+11	9.866563E+11	1.004659E+12	1.017018E+12
"SWZ"	6.1821870E+9	7.5001463E+9	9.3048217E+9	1.142811E+10	1.386320E+10	1.623903E+10	1.803803E+10	1.906303E+10	1.976316E+10	2.041353E+10	2.078870E+10	2.063553E+10	2.007114E+10	1.928534E+10	1.863548E+10	1.772453E+10	1.672924E+10	1.570292E+10	1.455763E+10
"SYR"	1.050000E+11	1.202126E+11	1.651133E+11	2.047063E+11	2.684824E+11	3.419321E+11	3.997829E+11	4.544077E+11	4.919644E+11	5.295172E+11	5.725912E+11	6.103149E+11	6.197918E+11	6.130136E+11	6.075332E+11	5.954029E+11	5.830803E+11	5.588432E+11	5.185137E+11
"TGO"	6.9038149E+9	9.2607870E+9	1.262590E+10	1.691741E+10	2.223257E+10	2.801502E+10	3.324477E+10	3.729229E+10	4.083792E+10	4.440835E+10	4.750117E+10	4.945605E+10	5.040646E+10	5.070141E+10	5.122531E+10	5.085257E+10	4.999323E+10	4.878053E+10	4.691345E+10
"THA"	6.460000E+11	7.671958E+11	9.288084E+11	1.108633E+12	1.299760E+12	1.460200E+12	1.542399E+12	1.537836E+12	1.496045E+12	1.446011E+12	1.376428E+12	1.277721E+12	1.164446E+12	1.051509E+12	9.583457E+11	8.628199E+11	7.736100E+11	6.924492E+11	6.147063E+11
"TJK"	2.132312E+10	2.673721E+10	3.352206E+10	4.214066E+10	4.887070E+10	5.486313E+10	5.886749E+10	5.976417E+10	5.810740E+10	5.824503E+10	6.101223E+10	6.500699E+10	6.502425E+10	6.265729E+10	6.193660E+10	6.127453E+10	6.189147E+10	6.166764E+10	5.994791E+10
"TKM"	5.655961E+10	6.932314E+10	8.531647E+10	1.056228E+11	1.206934E+11	1.327412E+11	1.384055E+11	1.357327E+11	1.271965E+11	1.227786E+11	1.236806E+11	1.264321E+11	1.210921E+11	1.116920E+11	1.058499E+11	1.006204E+11	9.784342E+10	9.398274E+10	8.823543E+10
"TTO"	3.240799E+10	4.175805E+10	5.113680E+10	6.152681E+10	7.319241E+10	8.414350E+10	9.174563E+10	9.554525E+10	9.561601E+10	9.383064E+10	9.074638E+10	8.666883E+10	8.115989E+10	7.459445E+10	6.975628E+10	6.464656E+10	5.936173E+10	5.397539E+10	4.858208E+10
"TUN"	9.284537E+10	1.186027E+11	1.649505E+11	2.197891E+11	2.864049E+11	3.553630E+11	4.087509E+11	4.445099E+11	4.604132E+11	4.711395E+11	4.773061E+11	4.740873E+11	4.504548E+11	4.183426E+11	3.918490E+11	3.713576E+11	3.503353E+11	3.322293E+11	3.066351E+11
"TUR"	1.020000E+12	1.271820E+12	1.549546E+12	1.856215E+12	2.198211E+12	2.532379E+12	2.804845E+12	2.976198E+12	3.029863E+12	3.074163E+12	3.080226E+12	3.032509E+12	2.922373E+12	2.775836E+12	2.660670E+12	2.538325E+12	2.434931E+12	2.318937E+12	2.115397E+12
"TZA"	5.792953E+10	8.101893E+10	1.148664E+11	1.598605E+11	2.179875E+11	2.844471E+11	3.484494E+11	4.019138E+11	4.510960E+11	5.016120E+11	5.478497E+11	5.814565E+11	6.029785E+11	6.160869E+11	6.315747E+11	6.356723E+11	6.330399E+11	6.250294E+11	6.076843E+11
"UGA"	4.539895E+10	6.456012E+10	9.304655E+10	1.314610E+11	1.814550E+11	2.388858E+11	2.945405E+11	3.415485E+11	3.849780E+11	4.294701E+11	4.699115E+11	4.989557E+11	5.171649E+11	5.276921E+11	5.397494E+11	5.416273E+11	5.375068E+11	5.286633E+11	5.118790E+11
"UKR"	3.520000E+11	3.766426E+11	4.036431E+11	4.490289E+11	4.990722E+11	5.332423E+11	5.235948E+11	4.875225E+11	4.469821E+11	4.249659E+11	4.142888E+11	3.942718E+11	3.584438E+11	3.143165E+11	2.855574E+11	2.643623E+11	2.488399E+11	2.331655E+11	2.116590E+11
"URY"	3.982103E+10	4.826183E+10	5.705153E+10	6.786309E+10	8.091357E+10	9.400075E+10	1.042496E+11	1.112065E+11	1.147762E+11	1.166841E+11	1.171552E+11	1.161571E+11	1.128410E+11	1.074255E+11	1.037973E+11	9.902920E+10	9.330885E+10	8.686369E+10	7.992442E+10
"UZB"	1.650000E+11	2.420596E+11	3.432212E+11	4.755209E+11	5.943173E+11	6.991393E+11	7.666699E+11	7.801802E+11	7.504045E+11	7.375638E+11	7.530347E+11	7.781665E+11	7.520623E+11	6.983184E+11	6.647016E+11	6.336359E+11	6.174820E+11	5.943159E+11	5.589476E+11
"VEN"	2.990000E+11	3.814355E+11	4.731571E+11	5.873226E+11	7.281210E+11	8.768406E+11	1.005259E+12	1.105402E+12	1.172925E+12	1.222527E+12	1.255189E+12	1.269917E+12	1.255835E+12	1.214096E+12	1.188621E+12	1.146936E+12	1.090999E+12	1.023290E+12	9.465489E+11
"VNM"	3.240000E+11	4.414817E+11	6.372357E+11	8.342082E+11	1.076372E+12	1.317026E+12	1.499551E+12	1.608723E+12	1.611604E+12	1.577259E+12	1.520309E+12	1.503851E+12	1.403802E+12	1.270901E+12	1.156320E+12	1.052863E+12	9.660417E+11	8.913212E+11	8.008311E+11
"YEM"	6.760169E+10	7.946105E+10	1.045759E+11	1.282980E+11	1.668309E+11	2.108138E+11	2.449640E+11	2.774394E+11	2.996313E+11	3.217154E+11	3.466577E+11	3.676511E+11	3.711007E+11	3.647035E+11	3.591729E+11	3.497028E+11	3.400997E+11	3.235198E+11	2.978287E+11
"ZAF"	5.050000E+11	6.463474E+11	8.450364E+11	1.067829E+12	1.306559E+12	1.556099E+12	1.756779E+12	1.889840E+12	1.956348E+12	1.995891E+12	2.030918E+12	1.986286E+12	1.888937E+12	1.792359E+12	1.699481E+12	1.596462E+12	1.500819E+12	1.405697E+12	1.302539E+12
"ZMB"	2.825915E+10	3.966845E+10	5.686536E+10	8.030655E+10	1.112243E+11	1.474974E+11	1.838395E+11	2.160836E+11	2.474105E+11	2.808871E+11	3.134601E+11	3.402425E+11	3.612300E+11	3.782113E+11	3.975870E+11	4.107248E+11	4.201727E+11	4.265098E+11	4.265787E+11
"ZWE"	1.020000E+11	1.730075E+11	2.727065E+11	3.955215E+11	5.426492E+11	6.973162E+11	8.313261E+11	9.280008E+11	1.004453E+12	1.073928E+12	1.124809E+12	1.142879E+12	1.133961E+12	1.108649E+12	1.087976E+12	1.049151E+12	1.002703E+12	9.519687E+11	8.915283E+11

"Emissions by Country (Mt CO2)"
""	"2010"	"2015"	"2020"	"2025"	"2030"	"2035"	"2040"	"2045"	"2050"	"2055"	"2060"	"2065"	"2070"	"2075"	"2080"	"2085"	"2090"	"2095"	"2100"
"USA"	5434.00	5868.01	6507.91	6876.95	7173.61	7339.04	7324.42	7167.92	6894.06	6734.14	6614.01	6495.61	6200.19	5911.45	5663.90	5295.02	4943.31	4598.90	4208.72
"CAN"	545.20	614.79	689.05	721.60	759.74	818.64	864.12	891.84	896.42	897.96	915.52	930.48	926.19	888.79	846.22	780.50	708.06	650.95	597.14
"ARG"	169.40	197.64	223.84	253.47	286.15	313.17	325.66	324.22	310.76	291.76	268.90	243.28	214.35	183.98	159.37	135.54	113.20	92.87	74.84
"ARM"	10.01	12.05	14.34	17.03	18.47	19.06	18.45	16.69	14.31	12.58	11.49	10.65	9.22	7.66	6.51	5.54	4.83	4.17	3.51
"AUS"	434.68	515.10	601.42	675.79	750.99	830.80	895.77	950.20	964.74	970.42	994.03	997.53	971.40	921.45	863.50	792.02	724.95	667.88	608.38
"AUT"	65.19	66.19	68.24	69.43	71.36	73.54	74.48	73.68	71.20	68.86	67.51	65.42	62.31	57.88	53.83	49.76	45.92	42.38	38.85
"AZE"	34.08	42.52	52.45	64.05	71.16	74.86	73.55	67.23	58.00	51.04	46.64	43.24	37.47	31.12	26.43	22.47	19.50	16.77	14.05
"BDI"	0.20	0.26	0.35	0.51	0.77	1.12	1.54	1.98	2.37	2.66	2.83	2.86	2.73	2.51	2.26	1.99	1.71	1.45	1.19
"BEL"	134.71	137.41	141.76	144.17	148.06	152.55	154.54	152.87	147.62	142.70	139.90	135.61	129.25	120.20	111.95	103.66	95.86	88.69	81.54
"BEN"	4.51	5.83	8.01	11.60	17.37	25.19	33.95	42.49	49.39	53.81	55.60	54.30	50.03	44.46	38.57	32.83	27.28	22.23	17.68
"BFA"	1.70	2.38	3.48	5.32	8.32	12.53	17.45	22.47	26.80	29.93	31.67	31.66	29.86	27.16	24.11	21.00	17.85	14.87	12.08
"BGD"	55.91	68.21	85.19	107.45	136.00	166.93	191.01	203.14	203.10	193.59	178.33	157.46	135.12	114.49	95.02	77.90	63.14	51.26	40.46
"BGR"	44.73	45.56	49.32	50.99	52.23	50.94	46.66	40.73	34.76	29.50	26.06	22.26	18.42	14.75	12.17	10.13	8.38	6.96	5.70
"BHR"	30.20	40.59	48.77	58.26	67.94	73.60	75.75	73.91	69.87	66.15	63.21	58.11	51.48	44.69	39.24	33.87	29.15	24.96	20.78
"BHS"	3.61	4.50	5.37	6.32	7.36	8.26	8.75	8.83	8.54	8.07	7.47	6.78	5.99	5.16	4.49	3.81	3.18	2.60	2.09
"BIH"	21.57	21.50	22.84	23.95	24.92	25.20	24.09	21.87	19.25	17.05	15.11	12.90	10.75	8.78	7.16	5.86	4.73	3.87	3.08
"BLR"	61.18	71.01	80.38	92.49	104.68	112.13	108.53	98.16	86.15	77.53	71.03	63.32	53.58	43.42	36.19	30.57	26.13	22.25	18.30
"BLZ"	0.47	0.64	0.85	1.24	1.77	2.43	3.04	3.50	3.74	3.78	3.59	3.31	2.92	2.52	2.20	1.87	1.55	1.27	1.01
"BOL"	13.02	14.89	16.70	18.87	21.39	23.62	24.84	25.04	24.30	23.09	21.52	19.69	17.52	15.17	13.23	11.31	9.49	7.82	6.31
"BRA"	407.62	455.16	525.73	578.98	631.82	682.84	702.41	687.18	644.76	594.66	538.75	466.63	398.31	341.52	286.90	238.04	192.46	154.00	122.23
"BRB"	1.51	2.09	2.64	3.20	3.78	4.27	4.53	4.55	4.38	4.12	3.81	3.45	3.05	2.63	2.29	1.96	1.64	1.35	1.09
"BRN"	7.27	8.45	9.97	11.55	13.10	14.19	14.40	13.78	12.83	11.81	10.66	9.34	8.00	6.75	5.71	4.73	3.87	3.14	2.50
"BTN"	0.33	0.40	0.48	0.56	0.64	0.70	0.72	0.69	0.64	0.59	0.54	0.47	0.40	0.33	0.28	0.23	0.19	0.15	0.12
"BWA"	4.33	5.66	7.37	8.26	9.21	10.06	11.49	13.46	15.63	17.40	18.58	18.96	18.24	16.66	14.75	12.57	10.51	8.60	6.84
"CHE"	43.78	46.76	50.16	52.28	55.45	58.31	59.79	60.87	61.80	62.14	61.85	61.42	60.11	57.29	54.22	50.11	46.35	42.36	38.95
"CHL"	72.42	89.63	106.07	123.86	142.83	158.45	165.94	165.44	158.10	147.44	134.68	120.66	105.25	89.39	76.55	64.32	53.07	43.02	34.29
"CHN"	6814.80	9543.95	12847.92	15475.46	16837.46	16419.59	14643.94	12596.24	10271.77	8144.22	6617.96	5302.82	4206.72	3257.13	2605.37	2029.62	1598.10	1244.69	940.26
"CIV"	6.53	7.94	10.32	14.19	20.30	28.39	37.32	46.08	53.33	58.22	60.58	59.81	55.87	50.47	44.58	38.68	32.79	27.26	22.12
"CMR"	8.32	10.93	15.26	22.38	33.90	49.71	67.76	85.73	100.69	110.83	115.69	114.15	106.24	95.39	83.61	71.90	60.38	49.71	39.93
"COL"	63.54	75.54	86.99	99.87	114.03	125.93	131.78	131.66	126.34	118.56	109.09	98.48	86.52	73.99	63.79	53.96	44.78	36.49	29.19
"COM"	0.15	0.19	0.25	0.36	0.52	0.75	1.00	1.24	1.44	1.58	1.65	1.63	1.53	1.39	1.24	1.08	0.91	0.76	0.62
"CRI"	6.91	8.59	10.21	11.97	13.87	15.45	16.23	16.21	15.50	14.41	13.10	11.68	10.13	8.53	7.24	6.02	4.92	3.94	3.11
"CYP"	9.23	10.01	11.03	11.78	12.49	12.84	12.48	11.67	10.89	10.26	9.81	9.53	8.86	7.97	7.11	6.35	5.75	5.27	4.81
"CZE"	92.06	97.85	105.59	110.14	113.67	114.04	108.65	99.97	91.98	85.59	80.70	77.38	71.14	63.36	56.05	49.51	44.28	40.16	36.26
"DEU"	758.80	768.00	785.28	788.28	796.41	805.01	798.06	770.95	725.76	683.24	651.99	615.23	571.03	517.40	469.81	424.53	383.67	347.46	312.94
"DJI"	1.16	1.43	1.87	2.57	3.62	4.93	6.27	7.43	8.22	8.54	8.44	7.92	7.04	6.06	5.11	4.24	3.45	2.76	2.16
"DNK"	48.80	49.52	51.06	52.01	53.57	55.37	56.25	55.83	54.17	52.71	52.06	50.84	48.77	45.60	42.67	39.66	36.79	34.12	31.44
"DOM"	18.09	21.44	24.64	28.24	32.20	35.57	37.27	37.25	35.76	33.59	30.94	27.98	24.62	21.16	18.35	15.57	12.96	10.59	8.50
"ECU"	30.44	35.99	41.40	47.65	54.73	60.94	64.40	65.03	63.10	59.85	55.65	50.73	44.98	38.80	33.71	28.72	23.99	19.65	15.79
"EGY"	184.88	222.86	293.07	369.64	456.53	537.07	583.98	596.85	577.41	548.99	514.80	471.54	411.08	347.79	294.30	249.91	209.67	175.57	142.13
"ESP"	327.66	333.98	343.57	347.28	354.21	362.66	365.18	358.72	343.15	327.54	315.96	300.62	280.95	256.45	234.95	214.51	195.92	179.17	162.81
"EST"	5.23	5.37	5.61	5.68	5.71	5.60	5.21	4.69	4.23	3.86	3.57	3.37	3.05	2.69	2.36	2.06	1.83	1.64	1.47
"ETH"	6.98	9.09	12.58	18.23	27.20	39.16	52.31	64.84	74.65	80.56	82.49	79.86	72.95	64.32	55.38	46.80	38.63	31.28	24.74
"FIN"	50.93	52.18	54.13	55.24	56.81	58.46	59.03	58.22	56.15	54.31	53.31	51.72	49.27	45.76	42.55	39.33	36.31	33.53	30.76
"FJI"	1.36	1.60	1.94	2.36	2.90	3.46	3.86	4.00	3.89	3.62	3.26	2.82	2.37	2.00	1.65	1.35	1.09	0.88	0.70
"FRA"	386.10	395.09	409.78	418.65	432.24	447.70	455.58	452.51	438.94	426.68	420.72	410.03	392.67	366.82	343.21	319.13	296.31	275.27	254.06
"GAB"	4.27	5.55	7.35	8.48	9.78	11.07	13.11	15.90	19.07	21.89	24.11	25.38	25.22	23.81	21.79	19.18	16.56	13.98	11.46
"GBR"	516.75	529.94	551.52	565.61	585.50	607.59	619.80	617.64	600.97	585.23	577.38	562.48	538.00	501.56	467.91	433.68	401.22	371.23	341.03
"GEO"	6.53	7.29	8.12	9.06	9.29	9.17	8.57	7.55	6.35	5.52	5.01	4.63	4.01	3.34	2.86	2.45	2.15	1.86	1.58
"GHA"	7.51	9.77	13.44	19.36	28.72	41.16	54.67	67.20	76.48	81.41	82.09	78.22	70.31	60.98	51.66	42.97	34.93	27.87	21.73
"GIN"	1.44	2.03	2.79	3.68	4.67	5.56	6.15	6.34	6.32	6.17	5.88	5.43	4.86	4.26	3.72	3.18	2.68	2.23	1.81
"GMB"	0.44	0.61	0.90	1.37	2.16	3.28	4.60	5.96	7.14	7.97	8.41	8.36	7.83	7.05	6.19	5.33	4.47	3.67	2.93
"GNB"	0.41	0.49	0.62	0.82	1.13	1.52	1.92	2.29	2.58	2.75	2.81	2.74	2.52	2.26	1.98	1.70	1.44	1.19	0.96
"GNQ"	5.41	8.79	13.27	16.68	20.30	23.87	29.03	35.96	43.89	51.14	56.98	60.50	60.49	57.31	52.54	46.26	39.89	33.58	27.42
"GRC"	99.91	99.95	101.14	101.00	101.90	103.26	102.96	100.25	95.21	90.41	86.95	82.61	77.17	70.45	64.54	58.90	53.75	49.10	44.56
"GTM"	11.72	14.33	18.06	25.40	35.77	48.64	60.82	70.75	76.53	78.81	76.39	72.08	65.21	57.44	51.33	44.58	37.93	31.68	25.79
"HND"	7.21	8.25	9.84	13.17	17.75	23.21	28.00	31.49	32.97	32.88	30.90	28.28	24.83	21.23	18.43	15.56	12.89	10.49	8.33
"HRV"	20.06	20.42	22.07	23.43	24.61	25.10	24.20	22.17	19.68	17.58	15.72	13.55	11.43	9.47	7.85	6.53	5.37	4.46	3.60
"HUN"	51.88	52.73	54.69	55.02	55.01	53.57	49.61	44.46	39.96	36.42	33.71	31.74	28.66	25.08	21.83	19.00	16.76	14.99	13.36
"IDN"	405.60	508.38	655.06	856.04	1055.90	1240.63	1306.16	1255.94	1165.32	1055.43	938.61	808.27	672.70	559.96	464.82	384.61	316.41	257.60	206.21
"IND"	1642.50	2217.81	3014.07	4016.92	5156.62	6255.75	6873.87	6917.36	6518.81	5949.50	5281.19	4517.26	3760.81	3017.78	2445.48	1964.77	1553.92	1222.42	943.33
"IRL"	38.95	40.32	42.30	43.66	45.47	47.55	48.95	49.21	48.26	47.29	46.86	45.80	43.92	41.06	38.45	35.81	33.29	30.92	28.50
"IRN"	562.17	649.24	822.26	956.65	1162.92	1360.88	1453.48	1501.77	1470.44	1420.04	1369.66	1298.68	1168.35	1020.34	890.86	765.36	656.42	552.50	448.97
"IRQ"	112.31	144.74	201.24	256.09	337.24	425.28	486.59	535.48	556.28	568.64	579.89	581.04	551.83	507.80	465.65	418.27	373.07	324.98	272.35
"ISL"	3.32	3.50	3.70	3.79	3.95	4.08	4.10	4.09	4.06	3.99	3.88	3.77	3.62	3.39	3.16	2.89	2.64	2.40	2.19
"ISR"	66.86	82.86	93.50	107.59	123.03	132.13	135.98	133.47	127.46	122.43	119.28	112.49	102.83	92.50	84.35	75.59	67.29	59.41	50.88
"ITA"	407.16	411.53	420.41	422.36	428.59	436.43	436.90	426.95	407.04	388.06	374.62	357.23	334.98	307.00	282.42	258.70	236.86	217.08	197.72
"JAM"	9.28	10.65	11.88	13.23	14.65	15.69	15.91	15.37	14.25	12.92	11.50	10.05	8.57	7.14	6.01	4.96	4.02	3.21	2.54
"JOR"	19.63	23.81	29.75	35.07	43.38	51.78	56.52	59.76	59.88	59.22	58.53	56.90	52.55	47.15	42.28	37.21	32.56	27.84	22.92
"JPN"	1103.20	1090.76	1062.64	1055.97	1046.47	1011.49	946.73	893.87	827.70	773.21	714.05	644.90	572.49	504.18	443.10	390.81	345.48	305.33	268.59
"KAZ"	173.08	216.10	267.19	327.93	366.98	390.74	390.84	365.62	324.03	293.62	276.42	264.21	236.26	202.88	178.27	156.42	139.78	123.39	106.06
"KEN"	11.73	15.72	22.23	32.92	50.25	74.13	101.43	128.53	150.98	165.95	172.85	170.10	157.83	141.22	123.32	105.65	88.35	72.42	57.91
"KGZ"	8.30	10.13	12.47	15.30	17.14	18.29	18.40	17.36	15.54	14.20	13.47	12.95	11.65	10.07	8.90	7.86	7.06	6.27	5.42
"KHM"	4.07	5.32	7.38	9.29	11.48	13.41	14.52	14.79	13.99	12.83	11.52	10.56	9.08	7.52	6.22	5.10	4.19	3.43	2.71
"KOR"	524.04	598.79	678.67	739.35	765.96	763.02	729.58	686.46	632.77	588.97	525.74	477.69	441.71	392.05	352.97	314.04	274.86	239.28	210.21
"KWT"	82.22	109.68	127.66	151.20	177.19	194.31	203.83	203.86	198.32	193.75	191.38	182.23	167.77	151.85	139.31	125.52	112.27	99.44	85.34
"LAO"	1.45	1.87	2.56	3.19	3.93	4.58	4.97	5.06	4.81	4.43	4.00	3.69	3.19	2.66	2.21	1.82	1.50	1.23	0.98
"LBN"	19.82	23.85	28.27	32.26	38.58	44.35	46.49	47.24	45.59	43.54	41.60	39.09	34.84	30.13	26.02	22.07	18.68	15.53	12.51
"LBR"	0.55	0.70	0.95	1.37	2.06	3.01	4.09	5.15	6.02	6.60	6.85	6.72	6.22	5.55	4.83	4.13	3.44	2.81	2.24
"LKA"	12.84	15.85	19.51	23.21	26.71	29.12	29.63	28.30	26.23	24.04	21.59	18.82	16.03	13.41	11.26	9.30	7.60	6.16	4.91
"LSO"	0.23	0.30	0.41	0.58	0.84	1.17	1.51	1.81	2.03	2.14	2.15	2.04	1.84	1.60	1.37	1.15	0.94	0.76	0.60
"LTU"	13.40	13.67	14.91	15.61	16.26	16.16	15.11	13.53	11.89	10.40	9.47	8.32	7.07	5.81	4.92	4.19	3.53	2.98	2.48
"LUX"	11.42	12.25	13.26	14.09	15.06	16.08	16.77	16.97	16.66	16.33	16.18	15.81	15.15	14.12	13.15	12.16	11.21	10.34	9.46
"LVA"	7.91	7.82	8.28	8.43	8.57	8.34	7.68	6.80	5.92	5.14	4.66	4.08	3.46	2.85	2.42	2.06	1.74	1.47	1.22
"MAR"	41.89	52.83	71.14	90.96	112.73	132.02	142.17	143.56	137.12	128.70	119.09	107.62	92.63	77.53	65.05	54.89	45.82	38.21	30.83
"MDA"	6.62	6.95	7.29	7.90	8.47	8.65	8.04	7.03	5.99	5.31	4.80	4.22	3.53	2.82	2.33	1.95	1.66	1.41	1.16
"MDG"	1.86	2.38	3.26	4.73	7.13	10.46	14.30	18.19	21.52	23.89	25.14	25.03	23.50	21.29	18.83	16.34	13.85	11.51	9.33
"MDV"	1.06	1.42	1.86	2.34	2.82	3.21	3.39	3.36	3.21	3.02	2.78	2.47	2.13	1.81	1.53	1.27	1.03	0.84	0.66
"MEX"	421.17	487.34	550.87	626.37	714.44	796.04	832.29	841.52	829.26	783.71	719.62	652.35	572.44	498.34	430.09	363.97	302.11	248.19	196.99
"MKD"	8.40	8.59	9.32	9.93	10.46	10.69	10.31	9.45	8.39	7.48	6.66	5.71	4.77	3.92	3.21	2.65	2.15	1.77	1.42
"MLI"	0.70	1.01	1.52	2.40	3.89	6.07	8.73	11.58	14.18	16.17	17.41	17.66	16.85	15.46	13.81	12.08	10.29	8.58	6.97
"MLT"	6.68	6.75	6.97	6.99	6.98	6.80	6.31	5.67	5.12	4.70	4.39	4.18	3.83	3.39	2.98	2.62	2.34	2.12	1.91
"MNE"	1.55	1.68	1.90	2.10	2.28	2.38	2.34	2.18	1.96	1.77	1.60	1.39	1.18	0.98	0.82	0.68	0.56	0.46	0.38
"MNG"	7.67	10.28	14.41	18.11	22.13	25.36	26.90	26.73	24.65	22.02	19.24	17.10	14.29	11.53	9.29	7.43	5.95	4.74	3.64
"MOZ"	2.54	3.53	5.12	7.75	12.08	18.14	25.21	32.45	38.76	43.39	46.05	46.17	43.64	39.78	35.39	30.88	26.30	21.94	17.85
"MRT"	1.89	2.52	3.56	5.24	7.94	11.60	15.70	19.70	22.93	25.01	25.88	25.34	23.43	20.92	18.24	15.62	13.07	10.72	8.59
"MUS"	4.48	5.31	6.43	6.78	7.17	7.46	8.11	9.01	9.91	10.50	10.73	10.49	9.74	8.69	7.56	6.33	5.22	4.23	3.35
"MWI"	0.96	1.34	1.97	3.02	4.75	7.21	10.10	13.10	15.73	17.68	18.82	18.92	17.93	16.39	14.63	12.80	10.94	9.17	7.49
"MYS"	175.13	210.50	256.27	305.79	355.61	393.15	405.93	394.24	372.11	346.55	315.87	278.56	239.02	201.36	169.75	140.26	114.54	92.62	73.63
"NAM"	3.31	4.33	5.73	6.56	7.47	8.31	9.63	11.40	13.32	14.92	16.01	16.43	15.91	14.64	13.07	11.24	9.49	7.84	6.31
"NER"	1.21	1.64	2.40	3.72	6.00	9.41	13.77	18.73	23.65	27.93	31.20	32.85	32.53	30.98	28.71	26.04	22.99	19.84	16.66
"NGA"	79.13	101.98	140.78	205.88	313.43	464.99	644.04	830.00	993.77	1114.98	1186.09	1192.39	1130.16	1032.67	920.24	803.89	684.97	571.63	464.92
"NLD"	222.91	226.45	233.04	236.19	241.45	247.11	247.94	242.40	231.20	220.96	214.35	205.78	194.35	179.18	165.48	151.97	139.45	128.13	117.07
"NOR"	44.70	50.41	56.48	60.58	65.61	70.06	72.62	74.47	75.96	76.63	76.46	76.11	74.70	71.46	67.95	63.15	58.78	54.11	50.16
"NPL"	3.28	4.09	5.20	6.67	8.55	10.62	12.28	13.19	13.30	12.80	11.91	10.62	9.22	7.89	6.61	5.47	4.46	3.65	2.91
"NZL"	37.41	42.79	48.46	53.02	57.53	62.22	65.62	68.09	67.63	66.60	66.87	65.87	63.03	58.81	54.24	48.98	44.16	40.11	36.06
"OMN"	46.07	67.91	88.41	106.61	123.78	133.80	133.22	125.09	113.98	101.93	93.95	82.72	69.40	55.51	45.10	36.54	29.51	24.12	19.48
"PAK"	138.95	156.36	183.83	234.52	307.73	402.12	492.27	558.96	587.05	587.64	560.17	517.94	463.00	393.09	328.58	271.91	221.71	180.40	143.50
"PAN"	15.86	20.71	25.62	31.12	37.21	42.69	46.11	47.28	46.36	44.17	41.13	37.58	33.36	28.78	25.00	21.30	17.78	14.55	11.67
"PER"	37.11	44.84	52.47	61.08	70.61	78.83	83.30	83.95	81.17	76.66	70.91	64.28	56.65	48.55	41.93	35.50	29.49	24.03	19.23
"PHL"	69.30	85.24	107.74	138.32	178.93	225.04	264.31	289.30	298.02	292.09	276.55	250.86	221.04	192.86	164.87	138.65	115.17	95.70	77.20
"POL"	286.76	314.75	347.94	369.01	384.44	385.97	364.91	331.20	299.68	274.16	254.01	238.81	214.57	186.39	160.90	139.04	122.02	108.80	96.71
"PRT"	57.04	56.96	57.58	57.33	57.68	58.22	57.73	55.80	52.54	49.46	47.12	44.31	40.91	36.83	33.25	29.89	26.86	24.18	21.65
"PRY"	4.09	4.75	5.40	6.16	7.03	7.78	8.20	8.28	8.04	7.65	7.14	6.54	5.82	5.04	4.40	3.77	3.16	2.61	2.10
"QAT"	68.41	106.28	130.52	156.64	182.91	197.56	202.13	195.63	182.80	170.20	159.00	142.14	121.92	102.21	86.76	72.76	61.23	51.57	42.34
"ROU"	81.14	83.81	92.19	96.87	100.98	100.29	93.50	83.02	72.03	62.09	55.64	48.07	40.14	32.37	26.85	22.45	18.63	15.51	12.71
"RUS"	1479.80	1628.37	1762.66	1891.96	2035.00	2041.69	1855.95	1602.79	1351.74	1193.54	1123.01	1020.77	867.70	713.66	607.07	530.05	471.54	416.69	347.39
"RWA"	0.77	1.04	1.50	2.25	3.45	5.10	6.97	8.80	10.28	11.22	11.60	11.31	10.39	9.20	7.95	6.74	5.58	4.52	3.58
"SAU"	437.42	599.77	725.16	869.09	1014.55	1099.21	1133.35	1110.21	1054.54	1002.85	961.88	888.16	792.26	694.53	617.14	538.93	467.83	402.86	336.67
"SDN"	18.09	25.72	35.73	47.35	60.12	71.78	79.34	81.74	81.30	79.43	75.72	69.90	62.72	54.99	48.12	41.29	34.91	29.16	23.88
"SEN"	5.90	7.81	10.97	16.15	24.53	36.08	49.35	62.72	74.05	81.96	86.09	85.55	80.28	72.74	64.38	55.91	47.42	39.44	32.02
"SGP"	192.35	235.82	289.97	343.78	396.76	434.65	444.00	426.30	397.85	366.31	330.17	288.18	244.94	204.44	170.68	139.50	112.51	89.67	70.14
"SLE"	1.40	2.09	3.14	4.78	7.36	10.79	14.54	18.04	20.70	22.25	22.68	21.88	19.94	17.56	15.13	12.80	10.60	8.61	6.84
"SLV"	5.93	6.38	6.71	7.08	7.49	7.71	7.58	7.18	6.57	5.90	5.22	4.56	3.89	3.23	2.71	2.24	1.82	1.45	1.15
"SRB"	49.70	48.61	50.57	51.84	52.63	51.94	48.48	43.05	37.09	32.18	27.93	23.35	19.08	15.31	12.31	9.96	7.98	6.48	5.13
"STP"	0.13	0.17	0.24	0.34	0.52	0.75	1.02	1.27	1.48	1.61	1.66	1.61	1.48	1.32	1.15	0.98	0.82	0.66	0.53
"SUR"	2.05	2.59	3.10	3.64	4.22	4.68	4.89	4.85	4.60	4.28	3.91	3.49	3.04	2.58	2.20	1.84	1.52	1.23	0.97
"SVK"	35.31	37.25	39.97	41.40	42.36	41.97	39.31	35.44	31.90	29.03	26.77	25.06	22.46	19.49	16.81	14.52	12.73	11.33	10.05
"SVN"	16.14	17.12	18.44	19.17	19.72	19.70	18.64	16.99	15.45	14.21	13.25	12.58	11.46	10.11	8.86	7.75	6.87	6.18	5.53
"SWE"	51.84	53.93	56.94	59.26	62.16	65.30	67.48	68.19	67.35	66.59	66.68	65.91	63.93	60.41	57.09	53.55	50.09	46.82	43.45
"SWZ"	0.98	1.13	1.32	1.51	1.71	1.85	1.90	1.84	1.74	1.63	1.49	1.33	1.15	0.98	0.84	0.70	0.58	0.47	0.38
"SYR"	61.74	67.12	87.27	101.97	125.52	149.24	162.16	170.52	170.01	167.36	164.69	159.37	146.27	130.15	115.51	100.52	86.97	73.59	60.00
"TGO"	1.33	1.69	2.17	2.72	3.32	3.88	4.24	4.36	4.36	4.29	4.13	3.87	3.52	3.14	2.79	2.44	2.10	1.78	1.48
"THA"	268.09	301.71	344.40	385.63	421.98	440.24	429.65	394.50	351.81	309.59	266.94	223.32	182.48	147.00	118.91	94.54	74.46	58.26	44.97
"TJK"	2.43	2.89	3.42	4.05	4.39	4.60	4.57	4.30	3.86	3.56	3.42	3.34	3.05	2.67	2.40	2.15	1.96	1.76	1.54
"TKM"	51.81	60.27	70.04	81.53	87.19	89.35	86.40	78.51	67.92	60.32	55.70	52.15	45.62	38.31	32.95	28.34	24.86	21.57	18.25
"TTO"	47.96	58.57	67.69	76.44	84.92	90.82	91.70	87.88	80.51	71.97	63.08	54.32	45.64	37.56	31.31	25.65	20.71	16.48	12.91
"TUN"	18.75	22.67	29.68	37.04	44.99	51.76	54.92	54.82	51.85	48.21	44.15	39.44	33.53	27.72	23.00	19.21	15.89	13.14	10.53
"TUR"	269.28	318.82	367.73	415.12	461.41	496.25	510.82	501.44	470.10	436.25	397.77	355.54	309.65	264.60	227.12	192.41	163.07	137.10	109.90
"TZA"	6.55	8.65	11.54	15.03	19.08	23.06	26.03	27.53	28.19	28.39	27.92	26.61	24.65	22.32	20.16	17.84	15.54	13.36	11.25
"UGA"	3.28	4.41	5.97	7.90	10.15	12.37	14.06	14.95	15.37	15.53	15.30	14.59	13.51	12.21	11.01	9.71	8.43	7.22	6.05
"UKR"	245.70	249.51	252.50	264.10	274.74	273.50	249.07	214.87	181.88	159.08	142.17	123.93	102.89	82.14	67.74	56.74	48.19	40.78	33.35
"URY"	9.08	10.41	11.59	12.91	14.34	15.45	15.81	15.48	14.59	13.48	12.23	10.91	9.48	8.04	6.88	5.78	4.78	3.88	3.10
"UZB"	107.25	149.33	199.94	260.45	304.67	333.93	339.62	320.21	284.35	257.12	240.64	227.78	201.04	169.95	146.83	126.66	111.35	96.80	82.03
"VEN"	157.57	190.20	222.12	258.25	298.37	333.17	352.37	355.65	344.62	326.36	302.90	275.62	243.90	209.91	182.03	154.78	129.08	105.60	84.77
"VNM"	109.84	141.82	193.01	237.03	285.46	324.36	341.22	337.11	309.58	275.85	240.85	214.71	179.71	145.14	117.20	94.23	75.96	61.26	47.86
"YEM"	22.11	24.67	30.74	35.54	43.37	51.17	55.26	57.90	57.58	56.55	55.45	53.39	48.70	43.06	37.98	32.83	28.21	23.69	19.17
"ZAF"	477.73	577.96	710.65	840.29	957.20	1055.98	1098.70	1083.74	1023.47	945.58	866.47	760.99	646.58	543.55	454.05	375.09	308.52	251.53	201.84
"ZMB"	1.95	2.59	3.49	4.62	5.95	7.31	8.40	9.05	9.45	9.72	9.77	9.52	9.03	8.38	7.76	7.05	6.31	5.57	4.83
"ZWE"	8.09	12.97	19.22	26.09	33.33	39.67	43.58	44.61	44.05	42.65	40.23	36.70	32.54	28.18	24.37	20.66	17.28	14.28	11.58

"GDP per capita by country (2005 US dollars)"
""	"2010"	"2015"	"2020"	"2025"	"2030"	"2035"	"2040"	"2045"	"2050"	"2055"	"2060"	"2065"	"2070"	"2075"	"2080"	"2085"	"2090"	"2095"	"2100"
"USA"	41633.69	45690.73	51818.24	56236.96	60617.49	64384.49	67102.22	68891.87	69724.88	71888.34	74731.36	77916.53	79248.81	80584.58	82656.51	83324.79	84190.81	84718.33	84146.76
"CAN"	33991.44	38568.42	43802.07	46888.85	50872.04	56808.40	62487.62	67474.94	71174.20	75177.26	81164.38	87696.25	93160.29	95498.22	97502.63	97185.18	95700.80	95520.03	95546.45
"ARG"	13622.55	16087.63	18611.79	21714.23	25498.15	29293.48	32261.38	34319.24	35468.28	36234.20	36666.85	36749.82	36172.95	34955.86	34332.38	33323.06	31958.42	30282.38	28348.96
"ARM"	5610.00	7055.22	8889.61	11231.45	13095.90	14652.96	15501.79	15412.38	14662.81	14404.91	14809.87	15487.57	15199.73	14385.57	13996.26	13646.54	13589.37	13343.06	12784.86
"AUS"	35796.40	42017.16	49016.66	55428.16	62506.37	70504.61	77878.91	84955.10	89051.25	93064.78	99664.96	105163.12	108228.97	108686.18	108323.88	106602.75	105255.96	104704.06	103505.55
"AUT"	35111.01	37031.86	39808.65	42350.63	45739.78	49816.70	53574.44	56384.24	58128.93	60252.03	63532.94	66176.47	67811.24	68100.92	68663.61	68767.96	68949.68	69359.26	69520.66
"AZE"	8922.03	11096.55	13892.73	17555.08	20510.52	22946.72	24210.38	23937.94	22576.91	21927.29	22268.89	23021.04	22358.61	20921.75	20095.39	19342.90	19029.68	18495.54	17571.00
"BDI"	681.51	792.82	997.40	1344.79	1905.67	2652.04	3482.21	4316.47	5054.50	5650.49	6078.13	6243.19	6123.24	5885.26	5592.57	5258.38	4880.97	4488.95	4069.77
"BEL"	31897.52	33683.22	36317.18	38750.74	41950.34	45757.89	49258.94	51889.59	53539.51	55511.59	58528.77	60946.32	62421.59	62643.83	63103.96	63134.97	63234.44	63536.10	63602.75
"BEN"	1482.95	1770.93	2282.45	3138.12	4521.26	6393.59	8519.87	10684.64	12607.01	14149.75	15255.85	15701.69	15427.98	14847.19	14114.95	13268.55	12308.32	11309.03	10239.27
"BFA"	1285.01	1646.81	2236.66	3198.17	4742.31	6843.79	9244.72	11696.80	13882.26	15642.84	16912.60	17440.90	17162.89	16537.85	15742.00	14816.57	13762.86	12664.37	11485.53
"BGD"	1674.11	2034.50	2554.68	3280.66	4285.26	5497.67	6654.66	7573.26	8195.70	8543.38	8694.93	8565.59	8280.43	8002.41	7644.31	7242.73	6830.23	6487.93	6021.87
"BGR"	12533.18	14035.01	16808.43	19400.84	22383.08	24752.15	25804.28	25687.99	25121.17	24505.06	24997.03	24631.74	23485.88	21674.93	20542.91	19523.92	18390.43	17323.27	16062.86
"BHR"	29533.56	38475.35	44867.19	53588.28	63701.75	71172.92	76363.41	78577.61	79305.04	81440.93	85587.03	87508.41	87409.66	86603.98	87605.90	87892.95	88076.04	87605.53	85036.22
"BHS"	20792.35	25490.76	30467.89	36442.10	43642.89	50945.49	56788.42	60873.93	63128.67	64512.70	65163.80	65088.77	63778.81	61303.80	59842.31	57720.02	54986.45	51729.99	48071.18
"BIH"	7518.92	7985.32	9078.87	10266.90	11609.95	12897.90	13685.27	13882.44	13722.74	13678.86	13706.88	13269.88	12613.47	11844.10	11156.73	10518.92	9802.18	9179.13	8364.56
"BLR"	14750.71	18489.58	22734.62	28632.01	35780.82	42627.01	46095.22	46618.32	45947.34	46655.31	48391.26	48801.19	46718.55	42795.90	40288.91	38428.71	37135.89	35656.03	33112.19
"BLZ"	6794.99	8627.42	11028.30	15601.94	22136.29	30406.83	38574.38	45771.09	50888.41	54473.98	55469.05	55418.61	53645.95	51073.75	49818.99	47705.58	45169.91	42360.27	39069.96
"BOL"	3540.76	3943.21	4346.51	4879.79	5561.11	6246.11	6761.85	7094.03	7243.73	7316.96	7325.47	7267.21	7083.34	6779.86	6595.60	6344.79	6032.65	5667.47	5259.87
"BRA"	9118.38	10314.54	12208.78	13930.76	15929.54	18242.69	20102.31	21290.82	21850.29	22262.86	22496.33	21934.58	21262.07	20871.24	20222.10	19477.38	18383.35	17258.37	16145.77
"BRB"	20576.46	29345.77	38297.14	48451.53	60261.04	72232.81	82071.60	89238.15	93556.17	96396.05	97961.85	98289.73	96635.09	93126.85	91098.64	88011.68	83965.67	79111.03	73625.05
"BRN"	46790.50	53638.45	63334.71	74324.85	86404.27	97200.07	103978.62	106200.76	106906.63	107738.35	107483.31	104918.23	100755.72	95981.84	92338.42	87736.34	82979.80	78245.98	73017.41
"BTN"	6562.06	7676.54	9267.42	11092.32	13116.81	14956.80	16152.03	16593.55	16760.42	16928.75	16925.08	16564.18	15956.30	15249.58	14711.59	14004.64	13256.76	12501.03	11661.27
"BWA"	14842.97	19673.17	26049.75	29897.44	34210.65	38601.39	45792.58	56117.20	68676.59	81603.66	94127.63	104701.22	111166.31	113656.45	113840.23	110408.48	105997.12	100396.66	93214.13
"CHE"	43675.18	46918.79	50924.61	53872.42	58304.50	62999.74	66769.65	70404.31	74234.51	77929.98	81436.68	85156.43	88201.52	89704.95	91084.62	90484.52	90387.30	89677.99	89975.83
"CHL"	14460.00	18099.64	21870.67	26362.19	31746.42	37207.81	41612.64	44758.65	46600.34	47830.08	48521.05	48654.84	47839.65	46126.88	45166.61	43698.71	41756.55	39390.88	36677.53
"CHN"	7942.22	11471.59	16147.52	20690.63	24292.58	25913.30	25596.73	24693.89	22866.46	20816.83	19603.54	18388.45	17196.78	15810.70	15111.82	14115.67	13362.76	12574.80	11561.97
"CIV"	1821.63	2087.16	2583.90	3416.48	4746.03	6497.36	8431.56	10363.57	12050.35	13383.90	14320.93	14653.32	14330.61	13739.32	13022.76	12211.24	11304.81	10371.77	9380.80
"CMR"	2145.94	2630.22	3458.01	4829.15	7039.10	10033.90	13433.59	16882.40	19927.64	22348.67	24058.43	24709.15	24213.84	23229.45	22010.06	20617.42	19056.37	17445.64	15738.13
"COL"	8095.63	9537.48	11032.04	12887.75	15165.60	17469.98	19295.34	20576.32	21303.50	21782.98	22046.39	22084.78	21716.99	20960.36	20557.22	19926.03	19084.25	18056.78	16876.23
"COM"	1333.95	1568.68	1991.76	2694.76	3814.57	5300.76	6963.83	8648.66	10143.06	11339.94	12193.72	12527.57	12298.93	11837.30	11262.65	10598.92	9845.44	9060.68	8218.82
"CRI"	8862.89	10868.92	12969.76	15509.14	18578.19	21696.16	24202.97	25980.11	27000.91	27659.30	28006.08	28039.82	27538.88	26531.44	25959.73	25095.40	23954.71	22567.13	20981.35
"CYP"	17936.44	19511.68	21822.36	23887.34	26172.02	28166.70	28992.35	28945.36	29083.10	29694.00	30937.75	32883.39	33623.26	33486.35	33197.61	32809.73	32902.75	33388.95	33857.25
"CZE"	21698.55	23900.68	27018.03	29822.80	32900.52	35508.02	36494.52	36248.92	36140.44	36622.71	37890.41	39997.85	40607.50	40116.50	39425.83	38639.08	38462.37	38799.98	39129.65
"DEU"	33727.87	36322.93	39768.83	43012.08	47125.70	51941.11	56421.44	59913.89	62287.68	65051.90	69033.56	72261.75	74325.90	74873.07	75699.77	75969.09	76272.24	76768.44	76949.00
"DJI"	3271.98	3957.85	5139.20	7092.16	10221.07	14404.22	19094.58	23848.26	28103.37	31590.18	34176.57	35325.42	34873.08	33737.85	32256.05	30494.27	28443.77	26275.04	23914.22
"DNK"	35309.21	37173.97	39899.44	42372.17	45673.60	49655.76	53329.03	56063.49	57720.24	59708.78	62817.95	65309.64	66841.76	67084.18	67617.07	67711.14	67895.90	68304.51	68464.33
"DOM"	8767.02	10309.64	11904.50	13886.79	16320.49	18780.67	20729.08	22106.12	22903.82	23447.03	23765.97	23849.39	23497.77	22727.91	22343.55	21709.40	20842.18	19767.57	18518.20
"ECU"	6609.49	7636.07	8691.74	10021.55	11668.06	13327.17	14621.11	15508.53	15985.32	16284.09	16428.91	16413.23	16102.32	15508.32	15180.16	14689.75	14049.69	13277.74	12397.86
"EGY"	6314.38	7415.03	9634.61	12180.55	15266.84	18409.64	20719.10	22151.69	22674.95	23062.27	23367.42	23346.03	22408.25	21066.97	19985.41	19180.53	18327.61	17616.29	16496.65
"ESP"	27932.94	29479.81	31807.50	34003.42	36880.99	40266.84	43360.94	45713.64	47281.57	49242.65	52224.70	54713.40	56355.74	56823.42	57449.83	57614.95	57807.28	58178.26	58337.99
"EST"	18381.00	20165.54	22668.83	24879.23	27296.83	29313.97	30005.64	29716.67	29566.72	29892.20	30841.07	32456.91	32851.66	32363.93	31720.63	30998.35	30761.38	30934.32	31093.69
"ETH"	951.20	1154.84	1506.73	2090.09	3030.00	4300.98	5745.23	7222.21	8546.50	9627.86	10425.66	10782.28	10652.25	10314.76	9872.38	9345.65	8731.55	8080.68	7368.80
"FIN"	32602.46	34751.40	37720.92	40487.71	44080.25	48348.18	52305.43	55304.52	57203.22	59411.88	62732.00	65422.01	67141.00	67549.75	68247.37	68479.75	68786.67	69311.31	69568.95
"FJI"	4477.37	5372.85	6697.76	8563.11	11149.21	14266.07	17229.42	19558.64	21096.27	21881.04	22122.00	21617.48	20696.27	19776.72	18657.08	17441.11	16220.07	15191.91	13905.04
"FRA"	30839.37	32493.49	34936.49	37200.11	40192.97	43767.06	47060.88	49543.61	51106.51	52990.81	55889.56	58231.63	59699.30	59995.27	60542.62	60695.63	60923.87	61347.52	61539.68
"GAB"	15766.98	19274.13	24317.19	27070.03	30452.59	34022.20	40139.89	49067.93	60011.90	71326.59	82305.17	91563.43	97218.65	99432.66	99685.22	96818.17	93131.61	88421.29	82318.06
"GBR"	31417.99	33145.67	35651.81	37975.10	41067.93	44776.47	48188.71	50741.34	52338.23	54272.48	57262.37	59703.91	61255.89	61600.44	62191.83	62360.49	62593.58	63023.53	63226.56
"GEO"	5838.16	7002.09	8459.23	10330.37	11690.71	12751.10	13190.19	12851.28	11996.13	11568.89	11688.82	12020.84	11608.56	10815.54	10364.01	9962.88	9796.30	9517.86	9043.75
"GHA"	2841.39	3515.03	4662.35	6566.55	9648.38	13848.56	18635.16	23496.21	27782.70	31174.49	33538.41	34388.43	33615.87	32142.30	30335.99	28293.53	26029.35	23708.34	21269.69
"GIN"	1009.02	1324.83	1720.92	2167.91	2655.14	3100.90	3399.40	3520.08	3563.76	3594.88	3582.41	3489.49	3341.57	3172.49	3040.10	2877.11	2709.44	2543.58	2363.40
"GMB"	1904.59	2373.62	3161.15	4462.59	6568.31	9445.15	12736.53	16095.25	19079.80	21469.88	23171.46	23844.21	23400.41	22473.19	21313.58	19983.54	18489.18	16943.37	15300.19
"GNB"	1212.61	1357.12	1632.30	2085.64	2788.17	3669.20	4597.99	5502.11	6279.44	6891.96	7324.20	7471.26	7306.38	7021.41	6681.71	6296.90	5863.11	5412.74	4927.98
"GNQ"	20842.88	31179.11	44005.34	52556.37	61712.51	70962.28	85427.35	105994.51	131063.79	157067.86	182350.21	203799.70	217148.45	222666.95	223645.11	217519.78	209473.74	199079.01	185520.91
"GRC"	24842.48	26261.58	28339.17	30232.67	32716.75	35648.76	38321.37	40326.12	41610.31	43197.85	45639.75	47628.21	48873.26	49104.84	49489.17	49502.63	49562.88	49789.05	49842.43
"GTM"	4026.69	4590.86	5469.46	7364.27	10062.44	13446.67	16733.43	19600.42	21605.05	22987.54	23307.81	23221.97	22440.69	21345.05	20816.73	19940.10	18896.73	17744.73	16391.71
"HND"	2937.77	3217.84	3718.76	4893.27	6571.65	8675.21	10705.21	12463.57	13673.62	14487.29	14630.19	14516.20	13968.94	13230.73	12846.74	12252.58	11558.62	10801.51	9926.27
"HRV"	16512.36	18137.18	21174.19	24470.14	28148.15	31666.24	33910.59	34670.90	34541.24	34703.50	35029.52	34122.30	32608.82	30766.08	29111.47	27571.14	25819.19	24320.50	22314.36
"HUN"	16875.31	18336.48	20429.32	22225.73	24191.03	25809.33	26292.03	25950.77	25754.64	25995.74	26800.49	28204.70	28557.68	28156.49	27632.62	27051.50	26905.04	27121.20	27324.75
"IDN"	4321.15	5379.48	6977.73	9286.09	11792.27	14433.05	16026.26	16420.12	16407.84	16187.59	15815.58	15078.72	13990.27	13068.30	12257.40	11543.95	10888.80	10234.71	9512.77
"IND"	3732.50	5010.13	6857.06	9311.11	12331.39	15623.66	18140.99	19508.59	19853.84	19765.32	19323.42	18372.98	17151.39	15608.25	14459.24	13327.09	12167.09	11113.47	10014.24
"IRL"	40738.11	42177.37	44749.57	47211.39	50695.66	54938.00	58822.98	61707.28	63502.14	65782.07	69407.38	72412.49	74348.17	74789.15	75476.68	75612.94	75828.28	76322.50	76564.58
"IRN"	13362.46	15226.51	19239.62	22696.52	28342.97	34443.50	38535.43	42091.25	44019.22	46031.14	48648.52	50979.24	51185.24	50301.45	49721.56	48714.82	47767.62	45911.14	42808.79
"IRQ"	4747.70	5578.37	7199.64	8622.10	10892.89	13366.28	15073.66	16551.91	17366.95	18181.64	19212.78	20117.98	20180.67	19809.58	19568.82	19188.89	18863.47	18199.19	17037.76
"ISL"	33013.36	34775.56	37129.04	38774.12	41580.72	44610.48	47037.98	49476.71	52175.73	54805.80	57315.29	59976.91	62155.14	63247.61	64270.32	63899.40	63906.91	63465.21	63713.81
"ISR"	23044.68	28180.86	31270.75	35808.82	41088.26	44625.64	46781.92	47206.19	46832.35	47323.14	48957.08	49287.66	48455.18	47230.75	47033.36	46572.86	46210.63	45637.11	44053.09
"ITA"	28756.06	30438.05	32890.11	35189.98	38170.57	41687.01	44914.64	47352.92	48918.95	50822.17	53723.88	56089.16	57567.06	57838.22	58277.80	58288.39	58360.58	58625.68	58681.36
"JAM"	4363.04	5146.73	5949.30	6941.38	8162.64	9404.09	10391.86	11090.21	11494.01	11758.79	11900.18	11910.03	11690.88	11257.20	11011.53	10641.85	10153.33	9555.30	8866.84
"JOR"	5610.39	6015.64	7552.02	8736.91	10760.17	12933.35	14359.28	15627.70	16332.72	17101.12	18112.68	19021.21	19137.34	18856.21	18709.38	18430.32	18207.12	17657.84	16626.15
"JPN"	30937.68	32456.43	33945.84	36477.42	39365.49	41676.57	42930.27	44682.10	45683.79	47089.62	48101.58	48349.81	47909.15	46977.03	45867.77	45028.91	44285.46	43360.84	42279.21
"KAZ"	13504.07	16866.02	21139.98	26686.74	31122.52	34771.97	36644.43	36218.68	34206.37	33336.57	34001.95	35281.59	34354.11	32231.35	31077.03	30068.12	29774.54	29138.75	27869.34
"KEN"	1686.50	2091.99	2780.49	3919.67	5756.21	8252.19	11093.50	13979.77	16527.11	18551.69	19974.82	20508.69	20084.96	19250.45	18218.54	17044.45	15734.46	14386.41	12962.20
"KGZ"	2451.35	2946.11	3555.79	4360.31	4980.16	5486.72	5721.98	5607.67	5261.79	5106.50	5195.31	5383.06	5235.98	4907.46	4727.70	4571.50	4525.26	4427.36	4233.01
"KHM"	2284.72	2887.34	3929.91	4933.60	6181.95	7403.04	8300.47	8824.92	8822.51	8667.63	8429.66	8450.61	8031.13	7426.08	6915.10	6454.56	6067.30	5729.16	5261.31
"KOR"	53876.41	63352.14	74405.83	84401.69	91745.61	96728.05	98651.68	99397.71	98554.15	98857.45	95409.68	94234.35	94968.06	91799.56	90228.71	88208.44	85076.92	81471.19	78856.47
"KWT"	64514.40	75666.27	83035.80	94530.74	108250.32	117625.93	123629.79	125243.06	124901.92	127079.60	132547.87	134624.95	133595.55	131463.37	132124.20	131942.40	131989.27	131411.34	127888.32
"LAO"	2471.54	3051.57	4069.33	5018.03	6205.33	7367.15	8222.23	8726.78	8725.40	8585.98	8372.49	8422.58	8034.95	7463.15	6985.94	6553.42	6193.98	5880.57	5430.42
"LBN"	15532.50	16902.85	21933.86	25680.25	31912.56	38659.06	43215.39	47298.81	49639.24	52158.63	55427.40	58420.06	59039.00	58503.52	58423.91	57899.28	57446.69	55816.59	52532.65
"LBR"	622.37	735.20	941.52	1290.56	1858.55	2631.54	3510.38	4399.76	5177.97	5785.04	6198.20	6331.74	6168.20	5878.63	5531.13	5144.30	4720.83	4290.36	3841.99
"LKA"	5780.69	7246.77	9171.83	11382.03	13822.84	16064.63	17578.12	18222.97	18523.48	18784.59	18816.70	18413.39	17703.59	16864.06	16202.57	15358.95	14481.19	13607.41	12650.69
"LSO"	2463.07	3208.45	4413.16	6363.23	9472.55	13662.96	18399.96	23211.14	27508.83	31049.27	33718.97	34989.78	34690.47	33715.18	32385.23	30760.26	28830.06	26763.59	24482.91
"LTU"	16477.72	18121.13	21349.24	24260.91	27623.33	30223.92	31261.27	30934.38	30102.86	29250.54	29762.64	29302.25	27970.36	25883.28	24622.95	23500.99	22243.40	21070.91	19663.19
"LUX"	60796.17	64492.44	69839.10	74911.10	81553.65	89556.85	97195.46	103305.30	107583.71	112439.87	119393.02	125159.26	129022.56	130288.45	132006.42	132767.21	133611.86	134820.32	135451.77
"LVA"	15766.53	16908.65	19516.25	21788.28	24396.19	26304.91	26842.23	26245.07	25275.63	24336.28	24556.35	23986.17	22719.73	20867.85	19714.92	18703.75	17612.64	16610.59	15438.15
"MAR"	4487.66	5573.77	7533.15	9796.60	12539.96	15364.89	17499.49	18871.57	19440.23	19870.05	20218.33	20273.70	19514.41	18380.41	17452.77	16753.24	16004.57	15377.16	14392.92
"MDA"	3554.06	4089.19	4700.56	5614.37	6725.66	7745.30	8164.35	8124.76	7945.49	8008.80	8274.00	8327.98	7974.72	7325.59	6929.74	6642.02	6445.36	6209.57	5784.94
"MDG"	935.71	1099.86	1397.34	1898.73	2712.63	3814.93	5063.27	6326.60	7436.38	8314.13	8928.66	9150.46	8948.55	8566.21	8098.79	7570.26	6982.55	6379.11	5742.95
"MDV"	14757.13	18903.17	24295.76	30496.13	37380.28	43744.16	48058.24	49888.66	50690.09	51380.20	51478.97	50427.22	48567.29	46380.51	44711.46	42548.09	40253.30	37912.08	35303.07
"MEX"	11791.01	13580.11	15483.01	17955.74	21150.23	24645.50	27284.09	29561.02	31574.63	32768.07	33402.85	33871.00	33545.79	33226.45	32874.19	32134.74	31029.95	29843.80	27874.61
"MKD"	8470.04	9135.50	10531.72	12055.93	13779.58	15440.00	16490.54	16827.59	16741.38	16809.14	16972.16	16552.72	15845.94	14979.84	14201.06	13469.99	12624.23	11891.70	10904.10
"MLI"	1382.25	1815.69	2490.90	3584.13	5344.24	7752.27	10502.65	13285.43	15720.28	17618.25	18912.83	19338.79	18842.07	17948.93	16877.55	15687.38	14389.47	13072.81	11704.07
"MLT"	21811.60	22988.75	24932.82	26496.64	28283.90	29703.85	29889.42	29227.17	28796.47	28884.63	29604.21	30988.43	31247.70	30743.89	30162.08	29545.08	29405.22	29648.17	29860.81
"MNE"	13286.45	15216.96	18358.78	21789.87	25617.30	29346.54	31902.21	33016.10	33216.24	33639.70	34191.14	33518.85	32224.75	30577.95	29093.09	27700.81	26071.59	24672.18	22730.02
"MNG"	5726.36	7566.27	10644.09	13705.49	17493.59	21234.91	24031.03	25719.79	25860.42	25556.97	25000.40	25181.01	23994.51	22213.43	20697.00	19316.17	18162.56	17158.16	15768.61
"MOZ"	906.26	1175.99	1610.81	2311.81	3429.23	4943.80	6671.15	8432.35	9996.48	11253.16	12161.20	12543.51	12350.80	11910.69	11347.77	10690.84	9940.55	9157.65	8315.67
"MRT"	2683.94	3356.28	4483.01	6335.93	9317.37	13366.12	17976.97	22674.96	26848.25	30194.79	32585.08	33538.95	32934.38	31663.16	30067.45	28229.17	26152.71	23996.06	21694.70
"MUS"	13899.77	17059.32	21574.44	24029.82	27105.74	30402.02	36031.13	44168.91	54025.39	64076.99	73726.31	81783.58	86625.23	88450.45	88566.40	85907.17	82506.71	78154.22	72537.55
"MWI"	1047.20	1344.05	1825.35	2609.88	3871.04	5590.72	7553.88	9546.47	11301.63	12690.92	13665.00	14026.57	13728.45	13146.71	12429.78	11615.77	10710.82	9782.73	8804.95
"MYS"	14924.40	17463.06	21033.70	25148.47	29727.33	33896.54	36567.44	37437.71	37574.55	37640.59	37296.03	36165.76	34508.30	32653.62	31178.07	29377.71	27524.76	25695.17	23737.40
"NAM"	6353.21	8017.03	10332.40	11667.49	13271.45	14972.80	17818.46	21924.78	26928.13	32086.30	37095.53	41351.68	44005.38	45119.60	45349.49	44153.02	42574.02	40509.41	37790.43
"NER"	718.63	851.87	1087.72	1481.35	2117.28	2976.64	3949.97	4937.82	5811.82	6511.28	7011.35	7210.20	7080.00	6809.71	6472.34	6084.40	5646.83	5193.32	4709.35
"NGA"	2567.19	3045.99	3904.47	5346.09	7678.07	10829.81	14392.01	17988.67	21144.01	23625.16	25341.00	25930.55	25314.23	24186.21	22824.23	21297.46	19614.37	17895.16	16092.40
"NLD"	39000.34	41354.98	44694.66	47789.58	51851.04	56706.91	61246.55	64753.61	67047.48	69721.83	73675.33	76826.37	78766.55	79132.79	79825.51	79980.15	80217.29	80687.36	80831.21
"NOR"	61742.90	70077.80	79322.03	86993.52	96871.27	107082.88	115591.35	123738.49	132143.98	140171.29	147726.54	155538.22	161982.03	165467.87	168658.63	168135.96	168566.72	167811.46	168888.18
"NPL"	1564.42	1950.33	2499.09	3257.77	4302.11	5564.17	6774.37	7746.88	8419.52	8811.33	9000.76	8898.98	8635.84	8382.41	8047.13	7667.38	7274.44	6951.35	6487.89
"NZL"	25640.23	29479.94	33862.99	37834.52	42277.11	47364.64	52058.70	56584.43	59153.09	61658.21	65847.69	69280.52	71090.25	71179.46	70736.49	69414.69	68336.43	67767.50	66771.09
"OMN"	31013.83	32452.42	41110.17	49775.69	59697.69	68123.96	72771.52	73431.72	72244.70	70675.75	72268.51	71637.46	68983.09	64501.11	61968.43	59554.34	56381.14	53045.78	48978.39
"PAK"	2835.70	3105.27	3589.73	4560.39	6046.68	8097.11	10296.30	12306.41	13781.24	14891.82	15510.74	15855.01	15844.03	15239.48	14568.53	13849.19	13064.84	12380.90	11541.82
"PAN"	11914.42	15166.51	18516.21	22451.29	27131.23	31868.99	35686.82	38390.70	39937.30	40912.53	41406.27	41424.22	40640.63	39095.59	38181.86	36847.47	35132.52	33089.26	30792.41
"PER"	8235.70	9875.50	11563.15	13630.37	16149.12	18700.92	20736.03	22176.44	23010.23	23568.68	23890.61	23969.00	23605.01	22814.30	22404.30	21743.25	20849.31	19747.73	18472.70
"PHL"	4237.82	5048.79	6241.31	7909.77	10226.62	13022.77	15678.11	17759.31	19127.78	19842.39	20092.66	19691.23	18931.64	18190.46	17275.26	16273.91	15263.19	14425.64	13331.78
"POL"	17539.84	20360.34	23941.03	27268.53	30847.30	34025.50	35657.11	36014.21	36405.78	37288.70	38914.93	41407.65	42374.04	42178.40	41704.58	41034.68	40928.57	41318.97	41663.63
"PRT"	21719.03	22906.64	24663.82	26292.34	28436.87	30986.82	33341.84	35143.80	36327.94	37776.87	39974.28	41788.18	42974.95	43298.28	43762.59	43886.43	44029.91	44298.16	44388.47
"PRY"	4650.18	5253.26	5862.04	6650.16	7643.59	8641.87	9403.65	9908.11	10157.12	10300.05	10352.98	10311.73	10091.65	9699.37	9476.08	9153.34	8739.30	8246.00	7688.69
"QAT"	116019.03	141291.01	169440.48	206105.62	247307.61	277844.36	298630.04	307039.47	309251.81	317073.63	333223.87	341284.88	341587.10	338741.26	342148.60	341698.60	339676.58	334461.56	321386.48
"ROU"	12624.95	13979.93	16600.34	19027.62	21832.92	24045.38	25013.74	24897.02	24377.28	23836.76	24402.13	24152.62	23155.06	21507.03	20527.78	19646.83	18632.49	17669.19	16492.70
"RUS"	17059.15	19990.71	23257.72	27140.64	31986.57	35331.79	35500.66	33906.92	31754.13	31256.98	32878.94	33382.14	31730.29	29195.73	27788.78	27148.37	27047.49	26727.15	25004.52
"RWA"	1207.09	1520.40	2042.57	2901.27	4287.53	6179.21	8341.39	10550.47	12520.90	14111.17	15260.73	15741.84	15492.58	14927.42	14203.86	13360.33	12399.17	11395.93	10319.69
"SAU"	25716.85	33856.88	39973.75	48064.21	57386.44	64270.70	68934.92	70768.54	71197.72	72889.24	76394.95	77894.79	77500.79	76364.28	76767.63	76615.31	76519.40	75988.91	73707.19
"SDN"	2787.87	3774.23	4962.10	6295.79	7744.89	9070.49	9965.15	10334.50	10471.79	10567.01	10528.95	10252.54	9812.87	9309.65	8913.86	8427.60	7927.44	7432.90	6897.78
"SEN"	1771.93	2148.11	2802.87	3890.24	5640.26	8001.56	10674.72	13395.15	15819.62	17778.73	19195.86	19783.77	19464.67	18759.24	17864.65	16826.14	15641.85	14404.92	13073.49
"SGP"	53947.96	63090.15	76324.66	92250.99	109829.66	125902.81	136477.40	140389.91	141573.95	142508.96	141828.67	138061.86	132212.08	125591.74	120434.86	114023.18	107413.19	100900.56	93833.57
"SLE"	1098.49	1584.81	2316.11	3479.25	5334.37	7873.15	10791.80	13782.80	16454.05	18607.91	20159.23	20810.79	20485.74	19737.21	18777.26	17655.20	16375.03	15038.37	13605.49
"SLV"	390.70	430.50	466.98	514.98	575.19	632.99	672.42	694.73	701.63	703.53	701.20	694.04	676.10	647.88	632.01	609.86	581.57	547.65	508.99
"SRB"	7185.65	7612.05	8644.83	9753.50	10999.55	12181.11	12890.14	13070.48	12956.62	12985.39	13102.67	12781.49	12250.65	11602.40	11021.96	10473.68	9829.57	9266.93	8496.41
"STP"	2626.16	3162.71	4119.05	5722.64	8309.83	11811.23	15792.19	19851.20	23450.95	26307.17	28302.48	29034.87	28415.48	27216.71	25735.38	24048.54	22168.95	20237.17	18200.74
"SUR"	6122.66	7825.51	9581.80	11640.51	14083.30	16561.53	18570.87	20006.23	20838.11	21304.49	21515.56	21477.44	21025.95	20186.89	19678.83	18954.07	18032.75	16943.42	15719.36
"SVK"	19692.88	21887.85	24886.90	27607.81	30595.61	33189.70	34309.87	34269.95	34329.69	34911.69	36224.98	38354.05	39062.37	38696.30	38089.57	37331.69	37118.89	37383.57	37626.94
"SVN"	22507.45	24967.64	28371.62	31464.50	34832.88	37704.09	38876.19	38757.22	38788.20	39428.18	40869.39	43178.42	43853.60	43340.69	42615.17	41775.68	41582.95	41938.38	42278.95
"SWE"	34106.79	36341.30	39363.44	42146.99	45781.75	50108.69	54078.86	57017.56	58798.40	60904.33	64181.75	66862.53	68549.93	68870.21	69442.82	69548.13	69734.13	70143.47	70295.49
"SWZ"	5181.41	5834.33	6803.60	7917.90	9147.44	10222.23	10840.72	10950.33	10886.10	10833.03	10680.28	10314.71	9810.00	9261.35	8832.83	8322.30	7803.98	7295.71	6751.21
"SYR"	4876.32	5399.17	6415.75	7346.37	8969.18	10727.32	11876.52	12882.27	13402.95	13951.37	14684.85	15336.16	15358.54	15065.09	14878.03	14585.57	14332.86	13819.69	12926.09
"TGO"	1094.80	1291.46	1563.47	1875.75	2219.93	2529.42	2726.20	2793.13	2812.24	2830.45	2818.75	2746.52	2633.34	2505.38	2407.87	2286.29	2161.40	2037.84	1902.48
"THA"	9728.58	11382.60	13687.53	16327.47	19240.29	21867.93	23540.95	24098.57	24231.23	24336.66	24167.53	23460.70	22381.31	21151.75	20157.54	18949.11	17707.85	16479.05	15162.30
"TJK"	2795.62	3105.23	3491.19	3998.69	4284.26	4468.53	4455.00	4214.65	3850.04	3659.06	3658.66	3734.42	3586.72	3329.66	3186.01	3065.38	3022.75	2948.23	2812.77
"TKM"	11217.70	12900.96	15006.40	17747.82	19593.48	21011.01	21499.10	20808.94	19361.35	18671.97	18905.78	19523.10	18953.37	17757.95	17114.87	16552.45	16381.54	16017.36	15301.63
"TTO"	24401.86	31007.75	37914.61	46156.68	55964.94	65846.17	73776.01	79437.87	82784.92	84944.82	86030.61	86021.18	84250.88	80814.14	78592.07	75400.57	71378.44	66699.45	61532.53
"TUN"	8732.77	10556.30	13999.58	17969.55	22800.70	27779.20	31517.68	33908.96	34900.99	35704.02	36410.78	36625.38	35380.82	33452.34	31881.44	30699.97	29401.82	28305.79	26534.05
"TUR"	14139.65	16583.80	19294.70	22173.59	25317.62	28281.22	30561.20	31840.30	32026.05	32287.33	32310.74	31920.50	30993.83	29755.86	28892.30	27963.90	27244.14	26373.57	24465.36
"TZA"	1288.09	1549.39	1902.22	2305.82	2747.01	3142.84	3393.36	3474.05	3485.60	3490.10	3455.55	3346.77	3188.34	3012.42	2873.70	2708.82	2541.97	2379.05	2204.76
"UGA"	1335.77	1608.32	1976.02	2397.52	2862.62	3286.33	3563.32	3665.72	3698.94	3726.58	3713.21	3619.84	3471.69	3303.08	3173.69	3012.40	2846.26	2681.86	2501.91
"UKR"	7643.83	8436.18	9351.33	10804.25	12526.32	13983.12	14323.97	13895.97	13280.24	13179.77	13425.43	13335.49	12606.03	11431.62	10679.32	10120.70	9726.55	9294.11	8593.96
"URY"	11809.38	14070.52	16386.56	19191.69	22592.52	26001.10	28669.35	30511.25	31520.67	32156.61	32465.77	32444.80	31824.79	30633.93	29959.53	28953.76	27645.17	26071.52	24280.86
"UZB"	5941.82	8147.43	10897.57	14413.53	17404.74	19964.34	21483.17	21587.65	20655.22	20343.32	20948.83	21944.01	21566.74	20413.02	19840.09	19329.19	19247.69	18918.04	18152.83
"VEN"	10294.98	12189.28	14159.33	16598.94	19587.80	22615.24	25019.33	26712.34	27679.26	28322.31	28682.91	28752.26	28296.52	27336.09	26836.69	26038.50	24964.38	23647.56	22130.33
"VNM"	3638.51	4727.46	6565.58	8357.87	10570.25	12750.37	14397.37	15422.55	15541.54	15403.04	15117.78	15295.15	14658.08	13666.94	12832.92	12064.98	11415.68	10837.00	9995.18
"YEM"	2969.80	3111.84	3679.22	4101.67	4908.08	5775.99	6318.60	6803.21	7050.71	7334.13	7731.06	8095.66	8135.18	8014.03	7953.16	7836.70	7742.19	7505.88	7060.72
"ZAF"	9814.91	12083.22	15327.71	18844.34	22489.85	26140.93	28829.09	30360.44	30854.75	31016.71	31208.07	30275.52	28650.84	27143.87	25772.92	24303.21	22983.16	21699.57	20309.39
"ZMB"	2138.09	2556.02	3115.54	3754.76	4456.73	5086.40	5479.31	5594.54	5596.75	5587.57	5516.61	5327.75	5059.99	4765.39	4531.28	4257.69	3982.48	3715.00	3431.80
"ZWE"	7799.97	11498.49	15931.32	21096.31	26741.53	31984.99	35659.12	37389.26	38259.69	38981.43	39205.28	38517.67	37186.36	35580.31	34349.66	32725.91	31006.16	29270.10	27340.86

"GDP of World (2005 US dollars)"
""	"2010"	"2015"	"2020"	"2025"	"2030"	"2035"	"2040"	"2045"	"2050"	"2055"	"2060"	"2065"	"2070"	"2075"	"2080"	"2085"	"2090"	"2095"	"2100"
"World"	7.012922E+13	8.651159E+13	1.086169E+14	1.327008E+14	1.592035E+14	1.844902E+14	2.035546E+14	2.172745E+14	2.249172E+14	2.315243E+14	2.386392E+14	2.420778E+14	2.397443E+14	2.336450E+14	2.292918E+14	2.227031E+14	2.157533E+14	2.082649E+14	1.981842E+14
"Emissions of World (Gt CO2)"
""	"2010"	"2015"	"2020"	"2025"	"2030"	"2035"	"2040"	"2045"	"2050"	"2055"	"2060"	"2065"	"2070"	"2075"	"2080"	"2085"	"2090"	"2095"	"2100"
"World"	28.45	34.01	40.96	47.20	52.46	55.38	55.08	52.80	48.86	44.93	41.53	37.83	33.63	29.37	25.90	22.58	19.66	17.09	14.63
"GDP per capita of the world (2005 US dollars)"
""	"2010"	"2015"	"2020"	"2025"	"2030"	"2035"	"2040"	"2045"	"2050"	"2055"	"2060"	"2065"	"2070"	"2075"	"2080"	"2085"	"2090"	"2095"	"2100"
"World"	2170209.90	2493395.01	2908207.64	3356497.33	3888966.56	4413843.38	4836860.57	5144245.90	5357671.15	5577620.44	5824175.09	5986601.51	5996296.29	5889383.35	5814505.70	5680456.30	5537864.93	5381061.28	5171350.51
